g111	g112	g113	g121	g122	g123	g131	g132	g133	g14	g15	g211	g212	g213	g214	g215	g216	g217	g218	g219	g2110	g22	g23	g24	g25	g26	g3	
3 4	1 2	2 3	5 8	4 7	7 10	0 0	1 2	0 1	1 2	1	15 22	19	47	75	4	26	9040	12	5	1	2 3	0 1	2 3	0 1	3 4	243383 365074	
1 2	1 2	0 0	3 4	5 8	1 2	0 0	1 2	4 7	1 2	0	10 15	13	34	69	4	6	6808	14	1	2	0 1	3 4	2 3	2 3	1 2	121865 182798	
1 2	3 4	3 4	5 8	1 2	8 12	4 6	1 2	3 4	4 6	1	21 32	11	14	27	2	28	2869	17	2	5	4 6	3 4	4 6	4 6	4 6	313846 470769	
1 2	1 2	0 1	7 10	4 6	1 2	4 6	1 2	0 1	0 1	0	8 13	26	64	115	6	50	12034	4	1	5	2 3	1 2	1 2	4 6	1 2	154716 232075	
0 1	3 4	3 4	8 12	1 2	8 12	2 3	2 3	1 2	4 6	0	2 3	39	85	162	7	19	15933	14	5	4	1 2	3 4	1 2	2 3	0 1	95016 142525	
0 0	0 0	2 3	3 4	3 4	5 8	2 3	3 4	4 6	3 4	0	9 14	14	34	48	3	40	5116	13	5	2	0 1	0 1	1 2	2 3	1 2	113404 170106	
3 4	3 4	2 3	4 7	4 7	8 12	2 3	0 0	3 4	4 6	0	6 9	3	11	10	1	38	2183	0	1	5	1 2	3 4	3 4	0 1	0 1	80000 120000	
1 2	0 1	2 3	4 7	7 10	2 3	0 1	0 1	4 6	1 2	0	7 10	19	37	63	3	42	6301	9	1	2	4 6	1 2	0 1	0 1	1 2	154058 231087	
0 0	0 0	3 4	7 10	7 10	5 8	0 0	3 4	4 7	2 3	0	1 2	13	28	72	4	25	6202	0	1	2	4 6	1 2	2 3	4 6	0 1	80000 120000	
2 3	0 1	2 3	4 6	7 10	4 6	1 2	3 4	4 6	1 2	1	24 36	15	33	53	2	1	4676	18	2	4	2 3	0 1	0 1	0 1	4 6	320000 480000	
0 1	3 4	1 2	1 2	1 2	3 4	3 4	3 4	4 6	0 1	0	6 9	16	43	76	5	47	8405	9	3	3	1 2	2 3	2 3	4 6	1 2	155722 233583	
3 4	1 2	2 3	3 4	6 9	5 8	4 6	3 4	1 2	3 4	1	13 20	4	2	10	0	17	2021	7	5	4	2 3	2 3	1 2	4 6	2 3	195645 293468	
2 3	0 0	3 4	6 9	2 3	1 2	1 2	0 0	3 4	3 4	1	21 32	20	37	91	5	8	9147	7	2	5	0 1	0 1	2 3	0 1	4 6	315506 473259	
3 4	3 4	0 0	4 7	2 3	0 1	0 1	0 1	4 7	2 3	0	10 15	49	80	191	9	3	18009	4	5	4	4 6	3 4	4 6	1 2	1 2	127861 191792	
0 1	3 4	0 1	4 7	8 12	0 1	1 2	1 2	1 2	2 3	1	14 21	10	24	33	2	34	3465	19	4	2	2 3	0 1	1 2	1 2	2 3	196896 295344	
2 3	2 3	2 3	6 9	6 9	3 4	3 4	0 0	0 1	3 4	0	2 3	13	35	51	2	7	5878	19	5	4	0 1	3 4	0 1	0 1	0 1	80000 120000	
0 0	0 1	2 3	8 12	5 8	4 7	0 1	1 2	6 9	1 2	0	7 10	0	6	10	0	14	474	4	4	1	1 2	0 1	0 1	2 3	0 1	80000 120000	
1 2	0 1	1 2	6 9	4 6	8 12	3 4	0 1	0 1	3 4	0	12 19	3	12	27	2	23	2705	1	5	1	3 4	1 2	1 2	4 6	1 2	103451 155176	
3 4	3 4	0 1	4 6	1 2	8 12	3 4	0 0	4 7	3 4	0	2 3	31	60	128	6	12	13102	17	3	1	0 1	2 3	2 3	4 6	0 1	80000 120000	
0 1	3 4	1 2	8 12	1 2	1 2	2 3	2 3	0 1	2 3	0	9 14	40	87	163	9	20	16501	19	5	1	2 3	2 3	3 4	2 3	1 2	110537 165806	
1 2	2 3	0 1	0 1	5 8	3 4	3 4	2 3	1 2	2 3	0	8 12	32	66	125	7	29	13041	7	5	1	2 3	1 2	2 3	3 4	1 2	121673 182510	
2 3	3 4	1 2	2 3	4 7	2 3	2 3	2 3	4 7	0 1	0	9 14	22	44	89	3	4	7061	17	2	5	0 1	2 3	1 2	3 4	1 2	99279 148918	
3 4	0 0	0 0	3 4	4 6	6 9	0 0	1 2	1 2	0 1	1	11 16	23	48	101	5	23	8571	9	2	2	0 1	1 2	4 6	3 4	2 3	198516 297774	
2 3	0 0	3 4	5 8	7 10	5 8	0 0	2 3	2 3	0 1	1	17 26	9	9	20	3	32	3357	2	3	5	4 6	2 3	1 2	3 4	3 4	272988 409483	
2 3	1 2	0 0	8 12	1 2	0 1	4 6	0 1	1 2	3 4	1	20 31	16	23	63	4	46	6273	1	2	2	0 1	3 4	2 3	4 6	3 4	279084 418627	
1 2	0 1	2 3	4 6	7 10	3 4	4 6	2 3	4 7	1 2	1	24 36	39	95	168	9	36	17429	13	5	5	1 2	3 4	0 1	3 4	4 6	320000 480000	
2 3	1 2	3 4	2 3	1 2	5 8	1 2	3 4	1 2	3 4	0	8 12	50	100	199	9	23	19679	17	2	2	2 3	1 2	0 1	1 2	0 1	80000 120000	
2 3	2 3	1 2	0 1	2 3	1 2	3 4	1 2	0 1	1 2	1	18 27	27	52	82	5	26	9627	16	4	5	2 3	2 3	2 3	1 2	2 3	209050 313575	
0 0	0 0	2 3	4 7	4 6	7 10	3 4	2 3	0 1	1 2	0	4 7	23	52	101	5	17	11063	11	2	3	0 1	2 3	3 4	2 3	0 1	80000 120000	
2 3	0 0	3 4	3 4	8 12	6 9	2 3	0 0	0 1	1 2	0	8 12	39	78	140	9	3	15766	7	1	1	3 4	0 1	4 6	1 2	0 1	80000 120000	
0 1	0 0	2 3	6 9	5 8	1 2	2 3	2 3	5 8	3 4	1	15 22	32	71	119	7	7	12952	18	2	4	0 1	3 4	2 3	3 4	2 3	216872 325308	
1 2	1 2	3 4	4 7	2 3	1 2	1 2	2 3	3 4	2 3	0	0 1	12	30	54	3	43	5501	0	5	3	0 1	3 4	0 1	1 2	0 1	83952 125928	
0 0	0 0	2 3	4 6	5 8	2 3	1 2	2 3	2 3	1 2	1	20 31	4	10	21	0	13	668	7	5	5	2 3	3 4	4 6	4 6	4 6	320000 480000	
2 3	0 0	2 3	7 10	4 7	8 12	3 4	3 4	0 1	2 3	0	12 18	20	54	74	4	7	9161	18	4	4	1 2	0 1	0 1	1 2	1 2	137960 206941	
0 1	1 2	0 0	3 4	7 10	8 12	0 0	0 0	1 2	1 2	1	21 32	14	20	39	2	50	3891	14	4	4	1 2	1 2	1 2	4 6	4 6	320000 480000	
1 2	3 4	0 1	6 9	7 10	8 12	4 6	0 1	2 3	4 6	1	17 26	18	46	71	5	29	7663	9	4	4	2 3	1 2	2 3	2 3	3 4	259140 388711	
3 4	0 0	0 1	5 8	1 2	1 2	4 6	0 0	4 6	2 3	1	12 19	6	2	10	0	11	1048	1	5	5	4 6	4 6	4 6	4 6	2 3	188246 282369	
0 1	3 4	1 2	3 4	5 8	3 4	0 1	0 0	4 7	1 2	1	16 24	18	48	103	4	6	8642	4	1	1	0 1	2 3	4 6	0 1	3 4	278829 418244	
0 1	0 1	0 1	8 12	3 4	8 12	4 6	0 1	6 9	4 6	0	6 9	29	60	152	7	21	13288	15	3	1	2 3	3 4	1 2	0 1	1 2	139480 209220	
0 1	0 1	0 1	4 6	4 6	1 2	2 3	2 3	5 8	3 4	1	10 15	33	78	133	7	37	14519	4	3	3	4 6	3 4	1 2	1 2	2 3	218390 327585	
0 1	3 4	0 1	1 2	8 12	8 12	3 4	2 3	4 6	4 6	0	7 10	32	62	143	6	8	13315	7	1	3	3 4	4 6	1 2	3 4	0 1	80000 120000	
0 1	1 2	3 4	2 3	3 4	8 12	4 6	2 3	1 2	4 6	1	12 18	48	94	176	10	9	17663	1	1	2	4 6	3 4	1 2	2 3	2 3	163718 245577	
0 1	0 1	3 4	4 6	7 10	1 2	1 2	1 2	5 8	2 3	0	7 10	29	50	102	6	11	10285	7	1	4	3 4	4 6	2 3	0 1	1 2	119252 178878	
1 2	0 0	0 1	3 4	8 12	2 3	0 1	1 2	2 3	3 4	0	6 9	26	62	106	6	44	12014	17	3	1	2 3	4 6	1 2	3 4	0 1	80000 120000	
0 1	0 1	3 4	2 3	5 8	7 10	3 4	3 4	4 7	2 3	0	4 7	21	31	71	3	22	6826	5	3	5	2 3	3 4	0 1	4 6	0 1	80000 120000	
3 4	3 4	2 3	0 1	4 7	4 6	1 2	0 0	5 8	0 1	0	5 8	1	12	22	1	48	1324	11	3	5	1 2	3 4	0 1	1 2	0 1	80000 120000	
3 4	2 3	2 3	0 1	1 2	6 9	1 2	0 1	4 7	1 2	1	12 19	4	18	29	1	18	1835	11	2	5	4 6	0 1	1 2	1 2	2 3	190536 285805	
1 2	3 4	0 1	8 12	5 8	6 9	0 0	1 2	1 2	3 4	1	23 34	8	4	10	2	3	1847	2	5	4	3 4	3 4	4 6	0 1	3 4	280032 420049	
0 0	1 2	2 3	4 7	4 6	4 7	2 3	0 1	4 6	1 2	1	14 21	46	90	180	9	11	18757	14	5	2	0 1	1 2	2 3	0 1	2 3	189779 284668	
0 0	0 0	2 3	4 6	3 4	5 8	0 1	1 2	4 6	4 6	0	1 2	0	12	13	1	46	983	15	2	5	0 1	1 2	1 2	1 2	0 1	80000 120000	
2 3	2 3	3 4	1 2	8 12	3 4	0 1	0 1	4 7	2 3	0	12 19	8	15	31	3	26	4649	15	5	2	3 4	0 1	0 1	1 2	1 2	154947 232420	
1 2	0 1	1 2	8 12	2 3	5 8	0 0	0 1	4 7	2 3	1	20 30	0	12	21	0	17	508	8	3	2	2 3	0 1	0 1	4 6	4 6	320000 480000	
0 1	0 1	3 4	1 2	2 3	1 2	0 0	0 0	0 1	4 6	0	5 8	50	87	200	9	40	19105	13	4	4	0 1	1 2	2 3	3 4	0 1	80624 120936	
0 0	1 2	2 3	2 3	4 7	4 6	0 0	2 3	5 8	1 2	1	17 26	0	10	22	1	47	356	13	3	5	4 6	0 1	4 6	1 2	2 3	222965 334448	
0 0	0 0	1 2	5 8	2 3	0 1	3 4	0 1	4 7	3 4	0	4 6	39	74	172	8	13	15583	16	4	4	1 2	3 4	2 3	0 1	0 1	91360 137040	
3 4	3 4	1 2	4 6	4 6	7 10	1 2	2 3	2 3	0 1	0	11 16	9	27	50	3	26	5184	3	1	1	1 2	0 1	4 6	3 4	1 2	156744 235116	
1 2	0 1	1 2	6 9	3 4	4 6	3 4	3 4	3 4	0 1	0	9 14	9	29	51	3	47	5712	12	2	3	1 2	1 2	4 6	2 3	1 2	155200 232801	
3 4	1 2	0 1	1 2	8 12	5 8	0 1	2 3	4 6	3 4	0	12 19	10	19	25	2	12	4020	13	1	3	2 3	2 3	3 4	0 1	1 2	140394 210591	
1 2	0 1	2 3	3 4	3 4	5 8	1 2	0 0	6 9	4 6	1	19 28	15	12	39	2	48	3921	0	5	2	2 3	4 6	2 3	2 3	3 4	272671 409006	
0 1	0 1	0 1	4 6	1 2	4 6	1 2	0 0	4 6	1 2	1	15 22	11	6	35	1	49	2870	5	2	4	1 2	2 3	1 2	4 6	2 3	183924 275887	
0 1	0 1	0 1	6 9	8 12	3 4	3 4	1 2	2 3	4 6	1	24 36	10	27	59	1	47	3958	0	2	2	0 1	3 4	3 4	2 3	4 6	320000 480000	
2 3	0 1	2 3	4 7	7 10	2 3	0 1	0 1	6 9	1 2	0	3 4	34	66	137	7	36	14812	13	3	4	0 1	1 2	1 2	0 1	0 1	80000 120000	
0 0	2 3	0 1	5 8	4 6	3 4	4 6	2 3	2 3	0 1	1	14 21	25	62	128	6	26	11098	11	3	3	1 2	1 2	3 4	1 2	2 3	165060 247591	
2 3	0 0	0 0	0 1	5 8	5 8	0 1	1 2	4 6	2 3	1	13 20	3	2	22	0	16	331	10	3	1	3 4	3 4	2 3	4 6	2 3	185544 278317	
0 0	2 3	0 1	2 3	8 12	4 7	1 2	0 0	1 2	1 2	1	11 16	48	98	200	9	24	19738	7	5	4	1 2	3 4	3 4	3 4	2 3	172092 258139	
1 2	1 2	2 3	1 2	2 3	0 1	3 4	1 2	0 1	0 1	1	20 31	0	2	10	0	43	324	12	1	5	2 3	3 4	4 6	4 6	4 6	318558 477837	
0 1	3 4	1 2	8 12	2 3	4 7	1 2	0 1	4 6	3 4	0	2 3	18	41	73	4	1	7076	3	3	4	1 2	0 1	1 2	0 1	0 1	80000 120000	
2 3	3 4	2 3	3 4	1 2	2 3	0 0	1 2	5 8	1 2	0	6 9	9	31	58	2	35	4485	16	4	5	2 3	4 6	1 2	4 6	0 1	84076 126114	
3 4	3 4	0 0	4 6	4 6	5 8	0 1	0 1	3 4	0 1	0	4 6	5	9	39	0	14	2002	1	4	2	1 2	1 2	4 6	0 1	0 1	84176 126264	
3 4	0 0	3 4	5 8	3 4	7 10	2 3	0 0	5 8	4 6	1	10 15	41	84	150	7	1	15751	18	4	2	1 2	3 4	3 4	2 3	2 3	163616 245424	
1 2	0 0	1 2	6 9	4 6	2 3	3 4	1 2	0 1	1 2	1	14 21	45	98	184	10	9	18690	6	3	4	3 4	1 2	2 3	2 3	2 3	197151 295726	
2 3	0 0	3 4	7 10	7 10	4 7	1 2	0 0	5 8	3 4	0	2 3	19	27	69	4	5	5998	12	5	3	2 3	3 4	4 6	0 1	0 1	80000 120000	
3 4	0 1	3 4	7 10	1 2	5 8	0 1	1 2	4 6	2 3	0	4 7	19	28	68	4	8	7070	10	1	4	3 4	1 2	2 3	4 6	0 1	88966 133449	
0 0	1 2	0 0	6 9	5 8	7 10	0 0	3 4	0 1	2 3	1	19 28	41	94	155	8	46	17355	5	1	4	1 2	1 2	0 1	1 2	3 4	245225 367838	
0 1	3 4	3 4	2 3	3 4	3 4	2 3	1 2	4 6	1 2	1	11 16	15	36	75	3	46	7558	3	1	4	3 4	4 6	4 6	1 2	2 3	207450 311175	
0 0	1 2	0 0	4 7	5 8	5 8	4 6	0 1	2 3	4 6	0	9 14	21	33	81	5	4	7754	13	1	5	3 4	1 2	2 3	0 1	1 2	112999 169498	
1 2	0 1	2 3	8 12	2 3	2 3	2 3	2 3	6 9	0 1	0	6 9	38	86	173	7	48	16842	10	5	4	2 3	4 6	3 4	3 4	0 1	80000 120000	
2 3	0 0	0 1	0 1	1 2	0 1	3 4	2 3	5 8	0 1	1	17 26	30	53	132	5	3	12175	17	5	4	4 6	0 1	3 4	0 1	3 4	226633 339950	
3 4	0 0	1 2	2 3	7 10	3 4	0 1	3 4	0 1	3 4	0	6 9	42	78	174	9	15	17139	1	4	2	0 1	4 6	4 6	4 6	0 1	80000 120000	
2 3	0 1	0 0	3 4	6 9	0 1	0 1	1 2	2 3	4 6	0	6 9	46	100	200	9	14	19286	15	2	4	0 1	3 4	3 4	0 1	0 1	80000 120000	
0 0	0 1	0 1	7 10	4 6	6 9	0 0	2 3	3 4	0 1	0	4 6	17	28	59	3	7	5241	6	3	5	0 1	0 1	2 3	3 4	0 1	83644 125467	
2 3	1 2	0 1	7 10	3 4	1 2	2 3	0 1	5 8	2 3	0	12 18	22	40	73	3	32	8101	17	1	2	2 3	4 6	3 4	1 2	1 2	139658 209487	
0 0	3 4	0 1	0 1	2 3	4 7	1 2	0 1	0 1	4 6	0	6 9	42	88	177	8	13	16332	10	5	5	1 2	1 2	2 3	4 6	0 1	80000 120000	
2 3	3 4	1 2	8 12	4 6	2 3	4 6	1 2	4 7	2 3	0	5 8	38	83	171	7	47	16620	14	4	1	1 2	4 6	2 3	1 2	0 1	80000 120000	
0 1	2 3	2 3	7 10	4 6	8 12	0 1	1 2	6 9	2 3	1	19 28	44	90	160	8	6	17782	1	1	4	2 3	2 3	2 3	2 3	3 4	239556 359334	
2 3	3 4	0 0	1 2	7 10	1 2	0 0	0 1	5 8	0 1	0	2 3	23	55	114	6	41	10959	3	3	5	4 6	2 3	3 4	1 2	0 1	80000 120000	
0 0	0 0	0 1	6 9	4 6	3 4	0 0	0 1	5 8	1 2	1	15 22	24	38	67	3	5	8304	7	5	4	1 2	4 6	3 4	0 1	2 3	201099 301648	
2 3	3 4	3 4	5 8	1 2	3 4	3 4	0 1	1 2	4 6	1	17 26	2	12	10	1	30	1671	9	4	4	2 3	3 4	2 3	0 1	3 4	285611 428416	
0 0	0 1	0 1	7 10	7 10	2 3	1 2	2 3	3 4	2 3	1	12 19	44	100	200	9	32	19478	3	4	1	1 2	4 6	0 1	3 4	2 3	202956 304434	
1 2	2 3	3 4	4 6	7 10	3 4	3 4	1 2	2 3	4 6	0	8 12	50	100	197	10	28	19210	0	2	2	0 1	3 4	4 6	0 1	0 1	80000 120000	
3 4	2 3	0 1	4 6	1 2	4 6	0 1	0 0	1 2	3 4	0	5 8	48	100	200	9	37	19680	5	4	1	1 2	2 3	0 1	0 1	0 1	80000 120000	
0 0	3 4	2 3	8 12	8 12	4 6	0 1	2 3	4 6	1 2	1	13 20	49	92	188	9	13	18761	8	2	3	0 1	1 2	2 3	0 1	2 3	196624 294936	
3 4	3 4	2 3	4 6	4 7	2 3	1 2	1 2	3 4	4 6	0	10 15	20	33	74	4	23	6426	5	1	1	2 3	1 2	2 3	0 1	1 2	117448 176172	
0 0	3 4	2 3	8 12	2 3	2 3	0 1	3 4	6 9	1 2	1	18 27	24	51	116	6	25	11256	16	5	5	2 3	4 6	3 4	3 4	2 3	169415 254122	
1 2	2 3	3 4	8 12	8 12	4 7	4 6	2 3	3 4	2 3	1	17 26	35	68	130	7	42	14014	18	1	1	4 6	4 6	3 4	0 1	2 3	206326 309489	
0 1	1 2	1 2	1 2	3 4	2 3	4 6	0 1	2 3	3 4	1	24 36	6	12	15	1	29	2349	11	2	1	0 1	0 1	0 1	3 4	4 6	320000 480000	
2 3	0 0	2 3	1 2	6 9	8 12	2 3	0 0	1 2	3 4	1	20 30	23	57	127	5	36	11219	6	3	3	2 3	3 4	1 2	2 3	3 4	251852 377779	
3 4	0 1	0 1	0 1	1 2	6 9	0 0	3 4	5 8	1 2	1	12 19	33	71	122	7	30	12604	0	5	1	3 4	4 6	1 2	2 3	2 3	208052 312078	
3 4	2 3	2 3	5 8	3 4	2 3	0 0	1 2	6 9	4 6	0	12 18	41	99	183	9	41	18126	19	1	4	4 6	4 6	0 1	2 3	1 2	108500 162750	
3 4	3 4	2 3	5 8	2 3	3 4	2 3	2 3	5 8	1 2	0	0 1	42	100	200	9	5	18479	18	3	1	4 6	0 1	2 3	1 2	0 1	80000 120000	
0 0	0 0	0 1	5 8	3 4	5 8	4 6	1 2	0 1	3 4	0	4 6	24	32	64	4	23	7737	8	5	2	1 2	1 2	1 2	0 1	0 1	80000 120000	
2 3	3 4	0 1	4 6	5 8	1 2	4 6	3 4	3 4	0 1	0	1 2	13	40	59	3	29	7070	10	1	1	2 3	2 3	1 2	0 1	0 1	80000 120000	
2 3	0 1	0 1	4 7	8 12	7 10	0 0	1 2	4 6	3 4	0	11 16	12	32	55	3	45	6264	19	2	5	3 4	3 4	1 2	4 6	1 2	157419 236128	
3 4	2 3	2 3	6 9	6 9	1 2	3 4	3 4	5 8	4 6	0	4 7	3	22	37	1	6	2400	14	1	1	0 1	1 2	3 4	0 1	0 1	80000 120000	
0 1	0 0	3 4	1 2	2 3	8 12	1 2	3 4	0 1	1 2	1	18 27	29	48	112	5	7	9715	10	2	2	2 3	1 2	0 1	1 2	3 4	253075 379612	
1 2	0 0	1 2	8 12	3 4	5 8	2 3	3 4	5 8	0 1	1	11 16	48	94	180	8	38	18732	3	3	5	3 4	3 4	4 6	2 3	2 3	199299 298948	
3 4	1 2	0 1	6 9	3 4	6 9	0 1	0 0	3 4	3 4	0	9 14	6	14	12	2	22	2217	7	5	5	2 3	2 3	3 4	4 6	1 2	112217 168326	
1 2	0 0	3 4	6 9	8 12	2 3	2 3	0 0	2 3	2 3	0	9 14	5	6	12	1	9	2797	5	5	3	2 3	3 4	0 1	3 4	1 2	121944 182916	
2 3	1 2	0 0	0 1	3 4	6 9	0 0	2 3	4 6	1 2	1	20 31	27	46	122	5	23	10801	6	1	1	4 6	2 3	0 1	2 3	4 6	320000 480000	
3 4	0 1	2 3	4 7	7 10	0 1	0 1	2 3	5 8	0 1	0	11 16	25	48	86	4	26	9504	6	5	5	1 2	3 4	4 6	0 1	1 2	149039 223558	
0 1	1 2	3 4	7 10	4 7	8 12	3 4	3 4	6 9	4 6	1	24 36	16	31	75	3	1	7069	2	2	2	0 1	4 6	2 3	3 4	4 6	311707 467560	
3 4	0 1	0 0	0 1	2 3	0 1	1 2	2 3	4 6	4 6	0	8 13	35	66	136	7	43	14730	3	4	1	2 3	0 1	1 2	4 6	1 2	132255 198382	
1 2	0 0	1 2	7 10	4 7	4 7	4 6	0 0	6 9	2 3	0	4 6	47	96	161	8	27	17279	5	2	1	2 3	0 1	0 1	3 4	0 1	88749 133124	
3 4	1 2	0 1	7 10	3 4	1 2	2 3	1 2	1 2	1 2	1	20 31	15	28	73	4	10	6689	11	4	5	3 4	4 6	0 1	2 3	3 4	261863 392794	
1 2	3 4	1 2	0 1	7 10	5 8	3 4	3 4	4 7	1 2	1	20 31	23	59	117	6	37	10516	11	3	1	4 6	4 6	2 3	2 3	4 6	297590 446385	
0 0	0 1	3 4	4 7	3 4	4 6	3 4	0 0	6 9	3 4	0	8 13	43	82	180	10	40	18273	0	5	1	4 6	3 4	0 1	1 2	1 2	147317 220976	
0 1	0 1	1 2	7 10	8 12	4 6	0 1	2 3	5 8	4 6	1	11 16	26	55	129	6	3	11034	5	5	2	2 3	4 6	4 6	4 6	2 3	173168 259752	
1 2	3 4	0 1	0 1	4 6	5 8	2 3	3 4	4 7	1 2	1	14 21	41	87	167	8	20	17944	6	5	4	0 1	1 2	1 2	1 2	2 3	194682 292023	
3 4	0 0	0 0	5 8	5 8	5 8	0 0	0 0	2 3	2 3	1	17 26	21	40	68	4	4	7165	2	5	1	0 1	4 6	2 3	2 3	3 4	251809 377714	
0 0	0 1	0 0	3 4	6 9	2 3	0 1	0 0	0 1	4 6	1	15 22	46	91	165	9	18	18305	3	2	2	0 1	0 1	3 4	2 3	3 4	283653 425480	
2 3	0 1	0 1	3 4	8 12	8 12	3 4	2 3	6 9	0 1	1	14 21	33	65	101	5	6	11853	7	3	3	2 3	2 3	2 3	1 2	2 3	162424 243637	
1 2	3 4	2 3	6 9	8 12	4 6	1 2	0 1	4 7	2 3	0	0 1	5	10	52	2	38	3272	8	5	5	4 6	3 4	2 3	0 1	0 1	80000 120000	
3 4	1 2	0 0	1 2	8 12	3 4	2 3	2 3	4 6	3 4	0	5 8	27	61	133	5	35	11791	11	4	3	3 4	4 6	0 1	3 4	0 1	80000 120000	
0 1	0 0	1 2	1 2	2 3	6 9	3 4	0 1	4 6	4 6	0	9 14	4	7	24	1	32	2330	6	1	4	1 2	2 3	3 4	4 6	1 2	139276 208915	
1 2	2 3	1 2	5 8	3 4	4 7	3 4	1 2	4 6	2 3	0	4 7	47	99	184	10	13	19225	11	2	1	2 3	3 4	3 4	3 4	0 1	80000 120000	
0 0	3 4	2 3	5 8	2 3	1 2	3 4	1 2	5 8	3 4	1	21 32	18	33	44	4	5	5542	17	3	3	3 4	4 6	0 1	4 6	3 4	232611 348916	
1 2	0 1	1 2	4 6	4 6	6 9	1 2	0 0	2 3	4 6	1	15 22	13	29	67	3	28	4774	1	5	2	2 3	0 1	1 2	1 2	2 3	200328 300493	
0 1	1 2	0 0	8 12	4 7	6 9	4 6	0 0	0 1	4 6	0	7 10	16	16	26	2	33	4397	2	1	5	3 4	3 4	2 3	1 2	0 1	80000 120000	
1 2	0 0	2 3	2 3	2 3	5 8	3 4	0 0	5 8	1 2	0	10 15	13	9	45	3	32	3505	17	5	4	1 2	1 2	1 2	0 1	1 2	98237 147356	
2 3	0 1	0 0	5 8	4 7	4 7	3 4	0 0	6 9	3 4	1	12 19	14	28	62	3	46	6999	15	4	5	1 2	2 3	4 6	1 2	2 3	181920 272880	
1 2	0 0	0 0	3 4	8 12	7 10	1 2	3 4	3 4	1 2	0	5 8	34	62	136	7	7	12968	20	5	3	4 6	1 2	1 2	0 1	0 1	80000 120000	
3 4	0 0	2 3	5 8	6 9	1 2	4 6	0 1	2 3	2 3	0	12 18	11	12	44	2	16	4358	17	4	5	3 4	2 3	1 2	1 2	1 2	100231 150346	
0 1	0 1	3 4	7 10	7 10	3 4	4 6	3 4	3 4	1 2	1	23 34	20	44	53	3	15	7076	10	2	5	1 2	0 1	2 3	3 4	4 6	295705 443558	
0 1	0 1	1 2	8 12	6 9	8 12	1 2	0 1	4 6	2 3	0	4 7	5	13	10	1	20	2597	0	4	3	4 6	2 3	3 4	0 1	0 1	80000 120000	
0 0	0 0	0 1	2 3	5 8	4 7	0 0	1 2	5 8	3 4	1	10 15	15	30	87	3	28	7905	11	2	4	4 6	4 6	1 2	4 6	2 3	221884 332826	
0 0	0 1	0 0	6 9	1 2	1 2	0 1	0 1	6 9	0 1	1	11 16	44	92	200	8	26	18806	19	3	3	2 3	1 2	3 4	3 4	2 3	192579 288868	
3 4	1 2	3 4	5 8	5 8	1 2	0 0	0 0	5 8	3 4	0	11 16	50	100	195	9	21	19452	7	4	2	2 3	2 3	1 2	2 3	1 2	123052 184578	
1 2	3 4	3 4	7 10	1 2	7 10	0 0	0 0	6 9	1 2	1	15 22	7	3	12	1	37	1923	18	5	3	0 1	3 4	3 4	0 1	2 3	171129 256694	
0 0	1 2	0 1	3 4	5 8	5 8	3 4	3 4	1 2	2 3	1	22 33	39	76	163	8	31	15912	6	2	3	1 2	3 4	1 2	0 1	4 6	320000 480000	
3 4	2 3	3 4	8 12	6 9	0 1	1 2	0 0	5 8	0 1	0	4 6	32	63	126	7	36	14003	10	1	5	2 3	2 3	1 2	0 1	0 1	80000 120000	
2 3	3 4	2 3	6 9	5 8	5 8	0 0	3 4	5 8	3 4	0	4 7	14	41	76	2	41	6448	6	4	3	0 1	2 3	4 6	2 3	0 1	86379 129568	
2 3	3 4	1 2	3 4	1 2	0 1	2 3	1 2	2 3	2 3	1	22 33	10	25	45	1	25	3570	3	5	3	3 4	4 6	2 3	2 3	3 4	256542 384813	
3 4	1 2	1 2	0 1	4 6	4 6	3 4	2 3	2 3	4 6	0	13 20	40	76	157	8	6	15829	6	2	2	3 4	0 1	3 4	2 3	1 2	155326 232989	
1 2	3 4	3 4	6 9	4 7	3 4	2 3	0 0	0 1	4 6	0	9 14	24	46	100	5	22	10490	15	5	2	0 1	3 4	2 3	1 2	1 2	96811 145216	
0 1	3 4	1 2	4 6	4 6	6 9	0 0	0 1	0 1	3 4	0	8 12	50	84	188	10	13	18625	15	4	1	2 3	3 4	4 6	2 3	0 1	80000 120000	
1 2	2 3	1 2	7 10	1 2	4 7	0 0	1 2	0 1	0 1	0	2 3	46	76	186	9	5	16753	5	3	5	2 3	3 4	2 3	4 6	0 1	80000 120000	
3 4	0 0	2 3	8 12	4 6	4 7	2 3	2 3	2 3	1 2	0	1 2	8	34	66	2	45	4960	6	1	3	3 4	0 1	1 2	0 1	0 1	80000 120000	
0 1	1 2	1 2	2 3	2 3	4 7	0 1	1 2	6 9	1 2	1	24 36	4	2	16	1	14	1297	2	2	2	1 2	0 1	0 1	1 2	4 6	312347 468520	
1 2	3 4	1 2	0 1	5 8	7 10	0 0	3 4	4 6	1 2	1	11 16	22	34	93	3	39	7561	5	1	4	0 1	3 4	1 2	2 3	2 3	209326 313989	
1 2	0 0	2 3	8 12	5 8	2 3	1 2	0 0	1 2	4 6	0	4 7	17	35	79	5	47	8402	17	3	2	0 1	1 2	1 2	3 4	0 1	80000 120000	
0 0	0 1	0 1	7 10	7 10	4 7	4 6	0 0	3 4	2 3	1	17 26	19	45	90	4	29	9219	7	3	2	1 2	1 2	2 3	4 6	3 4	243027 364540	
0 1	0 0	2 3	3 4	2 3	3 4	4 6	0 0	2 3	4 6	0	4 7	6	10	10	0	20	608	6	1	3	3 4	3 4	4 6	0 1	0 1	89461 134192	
2 3	1 2	3 4	8 12	3 4	5 8	4 6	2 3	1 2	0 1	0	5 8	5	25	17	2	23	3505	9	4	2	1 2	2 3	0 1	3 4	1 2	126655 189982	
0 1	0 0	3 4	5 8	6 9	6 9	4 6	0 0	3 4	4 6	1	12 18	12	33	74	2	30	5594	1	4	1	2 3	0 1	4 6	0 1	2 3	187276 280914	
3 4	2 3	0 1	3 4	2 3	7 10	4 6	0 1	1 2	0 1	1	20 30	11	37	60	2	39	6354	8	3	5	1 2	1 2	1 2	3 4	4 6	291560 437340	
2 3	0 1	0 0	4 7	6 9	1 2	0 0	3 4	3 4	0 1	1	16 25	3	13	35	1	22	2786	10	4	1	1 2	3 4	3 4	0 1	3 4	276924 415387	
3 4	0 0	1 2	4 6	1 2	4 6	3 4	1 2	0 1	4 6	0	4 6	0	2	10	0	28	80	17	4	4	2 3	3 4	2 3	4 6	0 1	80000 120000	
0 1	1 2	0 1	3 4	2 3	2 3	1 2	3 4	4 6	2 3	1	13 20	45	98	200	9	10	19550	5	2	5	3 4	1 2	4 6	0 1	2 3	167440 251161	
0 0	0 0	2 3	5 8	2 3	0 1	1 2	0 0	3 4	1 2	0	7 10	5	19	34	0	13	1884	14	4	4	2 3	0 1	2 3	2 3	0 1	80000 120000	
0 0	2 3	2 3	2 3	6 9	5 8	3 4	1 2	0 1	4 6	1	14 21	40	71	147	8	2	15374	8	3	4	3 4	4 6	1 2	2 3	2 3	195733 293600	
1 2	1 2	1 2	4 6	8 12	8 12	1 2	0 1	4 6	3 4	0	2 3	0	2	34	0	44	1459	5	5	3	4 6	4 6	4 6	3 4	0 1	80000 120000	
0 0	0 0	0 0	5 8	1 2	5 8	0 0	3 4	3 4	3 4	1	16 25	43	85	165	8	46	17254	4	3	5	1 2	0 1	1 2	0 1	2 3	184069 276104	
3 4	0 1	0 0	4 7	4 7	8 12	2 3	1 2	4 7	3 4	0	4 6	25	64	137	6	17	11724	3	1	2	4 6	0 1	1 2	0 1	0 1	80000 120000	
0 0	0 1	0 0	8 12	3 4	5 8	3 4	0 1	5 8	0 1	0	5 8	50	93	198	8	31	18529	20	1	4	0 1	4 6	4 6	3 4	0 1	89663 134494	
0 1	3 4	3 4	2 3	4 6	5 8	4 6	0 0	5 8	2 3	0	8 13	40	74	166	8	33	14726	11	4	5	2 3	4 6	1 2	2 3	1 2	140872 211308	
0 0	3 4	0 0	8 12	4 7	2 3	4 6	3 4	0 1	1 2	1	20 31	5	17	10	0	25	2497	12	4	4	4 6	3 4	1 2	4 6	4 6	320000 480000	
1 2	0 1	2 3	8 12	3 4	0 1	1 2	0 0	2 3	0 1	0	8 12	12	25	39	3	9	3761	2	3	2	3 4	1 2	3 4	0 1	0 1	80000 120000	
3 4	2 3	1 2	4 7	4 6	4 6	0 1	0 1	5 8	2 3	1	14 21	45	98	167	10	12	18412	4	2	1	2 3	2 3	1 2	1 2	2 3	207107 310660	
0 1	1 2	1 2	2 3	8 12	3 4	3 4	0 0	4 7	4 6	1	23 34	11	24	65	4	45	5873	8	3	4	0 1	4 6	0 1	4 6	4 6	320000 480000	
0 1	1 2	0 0	6 9	2 3	5 8	0 0	0 0	1 2	0 1	0	9 14	46	79	163	10	33	17413	16	1	2	0 1	4 6	4 6	3 4	1 2	130001 195002	
3 4	1 2	1 2	4 6	3 4	5 8	0 1	1 2	4 6	4 6	0	2 3	12	30	48	4	46	6159	2	3	5	2 3	4 6	4 6	1 2	0 1	80000 120000	
3 4	0 1	2 3	0 1	1 2	6 9	1 2	0 1	0 1	4 6	1	17 26	43	99	171	8	50	18007	8	2	5	0 1	4 6	1 2	0 1	3 4	287079 430618	
3 4	3 4	0 1	7 10	3 4	5 8	0 1	0 1	3 4	4 6	1	22 33	16	29	61	4	3	7407	14	4	4	1 2	4 6	2 3	4 6	4 6	320000 480000	
0 1	0 0	2 3	1 2	1 2	4 7	0 0	1 2	4 6	4 6	0	3 4	47	94	181	10	33	19734	4	4	5	2 3	2 3	1 2	3 4	0 1	80000 120000	
3 4	3 4	2 3	2 3	4 7	0 1	3 4	3 4	5 8	0 1	0	8 13	0	10	10	1	3	603	5	3	3	4 6	0 1	1 2	3 4	1 2	144520 216781	
0 1	1 2	3 4	0 1	8 12	0 1	4 6	1 2	3 4	3 4	0	4 6	12	36	41	2	26	5957	20	3	3	4 6	3 4	3 4	4 6	0 1	80000 120000	
2 3	3 4	0 0	6 9	3 4	3 4	0 0	2 3	5 8	0 1	1	17 26	36	82	158	7	1	15979	1	5	4	2 3	3 4	1 2	0 1	3 4	257486 386229	
3 4	0 1	0 0	5 8	7 10	1 2	0 0	1 2	6 9	2 3	0	6 9	5	22	51	1	38	3121	12	2	3	0 1	4 6	4 6	4 6	0 1	94325 141488	
3 4	0 0	1 2	7 10	5 8	2 3	4 6	3 4	6 9	0 1	1	20 31	42	99	183	10	11	18174	14	5	5	4 6	3 4	2 3	0 1	4 6	320000 480000	
0 1	1 2	1 2	1 2	8 12	8 12	1 2	1 2	6 9	2 3	0	1 2	24	36	87	5	50	8530	16	3	4	1 2	2 3	2 3	4 6	0 1	80000 120000	
2 3	0 0	0 1	2 3	7 10	4 6	0 0	1 2	5 8	1 2	0	0 1	35	66	131	6	38	13602	14	2	3	1 2	1 2	2 3	2 3	0 1	80000 120000	
0 0	0 0	0 0	7 10	8 12	8 12	3 4	0 0	4 7	4 6	1	22 33	31	57	98	5	10	11069	4	1	4	2 3	3 4	2 3	0 1	4 6	320000 480000	
0 0	0 0	0 0	7 10	7 10	8 12	3 4	0 1	3 4	4 6	1	22 33	19	28	54	4	6	6748	1	2	5	4 6	4 6	0 1	4 6	4 6	320000 480000	
0 1	0 0	0 1	4 7	3 4	3 4	1 2	0 0	5 8	1 2	1	11 16	25	58	92	5	10	10668	10	4	4	1 2	1 2	4 6	4 6	2 3	212038 318057	
0 0	2 3	0 0	8 12	8 12	6 9	0 0	3 4	4 6	4 6	1	20 31	28	51	79	5	28	9690	16	2	2	0 1	3 4	2 3	0 1	3 4	226926 340389	
2 3	2 3	0 1	0 1	2 3	8 12	1 2	1 2	3 4	1 2	1	15 22	37	74	152	7	34	15723	3	5	2	1 2	0 1	1 2	3 4	2 3	179978 269967	
0 0	1 2	0 1	4 7	2 3	4 7	3 4	0 0	4 7	4 6	1	22 33	18	33	73	2	6	5445	9	3	2	1 2	3 4	4 6	4 6	4 6	320000 480000	
0 0	0 1	0 1	6 9	4 7	0 1	0 1	2 3	0 1	4 6	0	2 3	41	85	177	8	8	16777	8	4	5	2 3	3 4	2 3	3 4	0 1	87935 131902	
1 2	3 4	0 1	5 8	4 6	0 1	0 0	3 4	4 7	1 2	1	20 30	9	31	62	3	34	5423	11	5	4	1 2	2 3	2 3	0 1	3 4	255664 383496	
1 2	1 2	3 4	7 10	8 12	4 7	0 1	2 3	5 8	3 4	0	13 20	22	40	61	5	20	7833	6	1	4	1 2	2 3	4 6	4 6	1 2	113374 170061	
1 2	0 1	0 0	7 10	3 4	0 1	0 0	0 0	6 9	1 2	1	19 28	9	18	37	1	14	1821	9	4	3	2 3	4 6	2 3	2 3	3 4	261042 391563	
1 2	3 4	1 2	6 9	1 2	4 6	3 4	0 1	4 7	4 6	0	8 13	25	61	131	6	25	11942	11	2	2	3 4	3 4	2 3	2 3	1 2	116456 174685	
0 1	0 1	0 1	1 2	1 2	5 8	3 4	1 2	0 1	4 6	0	3 4	38	72	181	8	20	16330	5	5	5	3 4	1 2	3 4	1 2	0 1	80000 120000	
2 3	0 1	0 0	8 12	1 2	7 10	4 6	2 3	2 3	2 3	0	7 10	42	88	200	10	14	18542	2	4	1	0 1	0 1	1 2	2 3	1 2	159139 238708	
1 2	2 3	1 2	5 8	8 12	4 7	0 0	1 2	1 2	0 1	0	9 14	11	13	19	1	23	3425	12	2	4	3 4	4 6	3 4	1 2	1 2	109015 163522	
1 2	2 3	2 3	5 8	7 10	6 9	1 2	3 4	4 6	3 4	0	7 10	9	26	65	3	30	4808	14	5	4	0 1	1 2	3 4	3 4	1 2	126118 189177	
1 2	0 0	3 4	3 4	7 10	6 9	0 1	0 1	3 4	0 1	1	14 21	3	6	42	0	12	2303	11	1	2	4 6	1 2	0 1	0 1	2 3	176412 264619	
1 2	0 0	0 1	2 3	7 10	6 9	0 0	2 3	1 2	0 1	0	4 7	41	74	143	8	23	15107	20	3	2	4 6	0 1	2 3	2 3	0 1	80000 120000	
1 2	0 0	2 3	1 2	6 9	0 1	4 6	0 0	1 2	0 1	1	17 26	13	24	39	2	43	3570	9	4	2	4 6	4 6	1 2	3 4	2 3	185667 278500	
1 2	2 3	0 1	3 4	4 6	6 9	2 3	0 1	2 3	4 6	1	18 27	10	3	38	1	9	1927	4	3	5	1 2	2 3	2 3	1 2	3 4	276115 414172	
2 3	0 1	0 1	6 9	8 12	6 9	2 3	3 4	0 1	2 3	1	16 24	1	16	10	2	5	1531	6	2	5	2 3	4 6	4 6	1 2	2 3	176424 264637	
0 0	0 0	0 1	5 8	4 6	7 10	2 3	3 4	2 3	3 4	1	16 25	9	33	65	3	42	5637	5	1	3	0 1	0 1	2 3	2 3	2 3	186047 279070	
1 2	0 0	0 0	6 9	7 10	4 7	0 1	0 0	3 4	2 3	0	2 3	15	40	56	3	31	7108	3	2	3	3 4	2 3	0 1	2 3	0 1	80000 120000	
3 4	2 3	0 0	7 10	8 12	5 8	1 2	2 3	0 1	0 1	0	4 6	50	93	179	10	50	19878	1	1	3	1 2	3 4	3 4	0 1	0 1	87309 130964	
3 4	1 2	0 0	1 2	1 2	3 4	1 2	3 4	4 7	0 1	1	12 18	40	66	161	8	43	14975	3	5	4	4 6	3 4	4 6	4 6	2 3	206412 309618	
1 2	0 1	2 3	7 10	4 6	7 10	3 4	1 2	4 6	0 1	0	9 14	10	19	44	2	29	5449	20	3	1	4 6	2 3	2 3	3 4	1 2	115224 172836	
0 0	0 0	0 0	4 6	8 12	1 2	2 3	3 4	2 3	1 2	0	10 15	20	54	93	5	46	9877	0	3	4	0 1	4 6	1 2	4 6	1 2	112611 168916	
3 4	3 4	3 4	0 1	1 2	0 1	2 3	2 3	5 8	2 3	1	22 33	19	19	49	3	47	5658	1	3	5	2 3	4 6	1 2	1 2	4 6	320000 480000	
0 0	2 3	0 1	4 7	5 8	1 2	0 1	0 0	4 6	2 3	1	14 21	11	21	46	1	29	2754	19	4	1	2 3	2 3	1 2	0 1	2 3	174181 261272	
0 0	3 4	0 1	1 2	4 7	3 4	0 1	2 3	0 1	4 6	1	15 22	11	16	26	3	50	3453	8	1	5	3 4	4 6	3 4	0 1	2 3	161350 242025	
1 2	2 3	0 0	4 6	7 10	6 9	4 6	0 1	5 8	1 2	0	1 2	31	59	141	7	26	12200	0	5	1	3 4	2 3	1 2	0 1	0 1	88822 133233	
2 3	1 2	2 3	6 9	2 3	6 9	2 3	3 4	2 3	0 1	1	19 28	8	7	29	0	15	1414	0	3	2	3 4	2 3	2 3	1 2	3 4	282785 424178	
3 4	2 3	0 0	1 2	8 12	8 12	1 2	1 2	6 9	0 1	1	12 18	6	21	25	2	40	3284	15	4	5	0 1	0 1	0 1	0 1	2 3	198600 297900	
0 1	0 1	0 1	0 1	1 2	7 10	0 0	0 0	0 1	3 4	0	5 8	8	17	37	1	34	2218	14	4	2	1 2	0 1	4 6	3 4	0 1	92248 138372	
2 3	0 1	3 4	4 7	2 3	7 10	0 0	0 1	4 6	3 4	1	19 28	13	31	46	3	9	5833	5	2	5	2 3	4 6	4 6	1 2	3 4	243649 365474	
0 0	2 3	1 2	6 9	6 9	8 12	0 0	3 4	4 6	2 3	1	15 22	9	28	66	3	47	5228	5	1	1	2 3	2 3	0 1	4 6	2 3	222263 333394	
2 3	1 2	2 3	3 4	4 7	5 8	0 1	2 3	2 3	3 4	0	8 13	6	2	10	0	29	692	19	5	3	1 2	4 6	4 6	1 2	1 2	108712 163069	
0 0	1 2	1 2	4 6	1 2	4 6	1 2	2 3	1 2	3 4	1	12 19	0	2	21	1	11	108	6	1	3	2 3	1 2	0 1	0 1	2 3	162039 243058	
0 0	2 3	1 2	5 8	8 12	7 10	0 0	2 3	0 1	1 2	1	12 18	30	72	117	7	25	12617	8	5	1	2 3	1 2	0 1	2 3	2 3	172643 258964	
0 0	1 2	2 3	8 12	8 12	4 6	2 3	3 4	5 8	0 1	0	5 8	43	99	167	9	33	17966	20	1	1	0 1	3 4	4 6	1 2	0 1	80000 120000	
2 3	2 3	3 4	7 10	4 7	8 12	0 0	3 4	1 2	3 4	1	14 21	25	43	106	5	7	10303	6	1	1	4 6	3 4	4 6	2 3	2 3	177444 266166	
0 1	0 0	2 3	4 7	4 6	6 9	0 0	0 1	4 6	1 2	0	8 12	29	66	112	6	31	12168	3	1	2	0 1	4 6	1 2	4 6	1 2	157079 235618	
2 3	0 1	2 3	6 9	4 6	4 7	2 3	0 0	0 1	2 3	0	3 4	13	26	77	4	14	6713	8	3	4	2 3	0 1	2 3	3 4	0 1	80000 120000	
0 1	0 1	0 0	4 6	2 3	4 6	1 2	0 0	4 6	3 4	0	2 3	32	59	130	5	16	11026	9	3	2	4 6	3 4	0 1	2 3	0 1	80000 120000	
0 0	3 4	0 0	2 3	7 10	5 8	2 3	2 3	4 6	4 6	1	15 22	22	43	69	5	15	7337	0	1	4	0 1	4 6	1 2	3 4	3 4	259012 388519	
1 2	2 3	0 0	6 9	8 12	2 3	1 2	0 0	4 7	0 1	1	14 21	16	21	40	4	16	5590	4	4	5	3 4	3 4	0 1	1 2	2 3	222833 334250	
1 2	2 3	1 2	4 6	1 2	0 1	3 4	0 0	2 3	3 4	0	13 20	14	25	43	2	20	5325	3	1	5	3 4	2 3	4 6	0 1	1 2	118314 177471	
0 0	2 3	3 4	4 6	3 4	7 10	3 4	3 4	3 4	0 1	0	8 13	13	35	63	3	7	5503	17	4	4	1 2	1 2	3 4	2 3	1 2	111568 167352	
0 1	2 3	0 1	5 8	2 3	6 9	2 3	0 0	4 7	0 1	1	12 19	30	44	102	5	14	10010	8	5	5	1 2	2 3	4 6	3 4	2 3	162448 243673	
3 4	2 3	0 0	4 6	5 8	1 2	1 2	2 3	5 8	3 4	0	8 13	11	19	43	2	20	4842	13	2	2	3 4	4 6	0 1	2 3	1 2	115672 173508	
0 0	0 1	3 4	0 1	2 3	1 2	0 0	1 2	2 3	1 2	0	2 3	26	55	119	6	30	10096	10	3	1	3 4	3 4	2 3	3 4	0 1	89023 133534	
0 0	0 0	3 4	4 6	6 9	4 7	2 3	2 3	6 9	3 4	1	20 30	44	89	185	8	38	17570	15	1	1	1 2	2 3	2 3	1 2	3 4	224240 336360	
0 1	0 0	0 0	8 12	7 10	0 1	0 1	2 3	5 8	0 1	0	11 16	42	76	168	9	2	16516	13	2	1	0 1	2 3	0 1	4 6	1 2	116406 174609	
0 0	3 4	2 3	3 4	1 2	4 6	2 3	1 2	4 7	1 2	0	1 2	23	44	110	6	41	10202	7	5	4	3 4	1 2	3 4	4 6	0 1	80000 120000	
1 2	3 4	3 4	3 4	5 8	0 1	1 2	3 4	3 4	1 2	0	5 8	7	18	10	2	22	1972	20	3	1	4 6	4 6	4 6	4 6	0 1	80000 120000	
0 0	0 1	0 1	5 8	4 7	8 12	0 1	1 2	1 2	2 3	1	18 27	9	25	48	2	30	4290	3	1	2	0 1	2 3	0 1	4 6	3 4	246172 369258	
2 3	0 0	3 4	1 2	4 6	6 9	2 3	1 2	6 9	2 3	1	16 25	48	90	200	10	37	19677	6	4	1	1 2	3 4	1 2	4 6	3 4	279945 419918	
2 3	0 1	0 0	8 12	4 6	8 12	0 0	2 3	6 9	2 3	1	13 20	42	76	172	9	40	16657	1	1	3	0 1	1 2	0 1	3 4	2 3	209451 314176	
1 2	0 1	1 2	2 3	6 9	4 6	4 6	0 1	1 2	1 2	1	12 19	8	13	40	3	46	4623	5	5	2	4 6	4 6	4 6	4 6	2 3	193529 290294	
1 2	0 1	0 0	4 6	1 2	8 12	0 0	0 1	4 6	3 4	1	21 32	23	39	89	6	39	9432	11	3	2	2 3	3 4	2 3	3 4	4 6	320000 480000	
0 0	0 0	0 1	4 6	4 7	4 6	4 6	0 0	5 8	0 1	0	7 10	33	60	151	6	15	13972	12	3	2	2 3	2 3	0 1	4 6	0 1	80000 120000	
0 1	1 2	2 3	0 1	4 7	4 6	1 2	3 4	5 8	3 4	1	14 21	47	87	159	8	41	17665	0	5	5	1 2	4 6	4 6	3 4	2 3	178232 267348	
0 1	2 3	3 4	4 6	5 8	7 10	0 0	0 0	2 3	0 1	0	1 2	26	53	105	4	4	9512	4	2	2	3 4	4 6	4 6	4 6	0 1	80000 120000	
2 3	0 1	1 2	3 4	6 9	4 6	2 3	0 1	5 8	0 1	0	1 2	23	46	116	6	48	9670	10	5	2	3 4	0 1	0 1	0 1	0 1	80000 120000	
0 1	3 4	2 3	6 9	6 9	0 1	2 3	0 1	3 4	3 4	0	9 14	10	29	50	3	13	5860	19	1	4	4 6	2 3	4 6	3 4	1 2	158831 238246	
2 3	0 0	0 1	5 8	4 6	2 3	1 2	3 4	0 1	4 6	0	4 7	3	9	18	2	7	2953	17	1	4	2 3	2 3	0 1	0 1	0 1	80000 120000	
2 3	0 0	0 0	7 10	1 2	8 12	3 4	0 0	4 6	3 4	1	18 27	21	44	91	4	2	8368	9	5	5	1 2	3 4	0 1	0 1	3 4	277904 416856	
2 3	0 0	0 0	6 9	6 9	2 3	0 1	3 4	4 7	3 4	1	20 31	36	69	153	7	47	14443	2	5	2	4 6	2 3	1 2	1 2	3 4	251927 377890	
1 2	0 0	0 0	4 7	4 6	0 1	0 0	2 3	0 1	4 6	0	10 15	40	69	137	8	5	15358	4	2	1	2 3	3 4	2 3	4 6	1 2	159696 239544	
0 0	3 4	1 2	3 4	3 4	4 6	2 3	2 3	4 6	2 3	1	14 21	21	30	92	4	15	7213	14	4	1	4 6	2 3	4 6	2 3	2 3	196888 295332	
3 4	1 2	2 3	2 3	4 7	4 6	4 6	0 1	1 2	0 1	0	0 1	22	39	93	5	30	7385	20	1	2	0 1	4 6	4 6	2 3	0 1	80000 120000	
0 1	1 2	0 0	3 4	6 9	5 8	4 6	0 0	4 6	2 3	0	11 16	15	41	82	4	3	7126	8	1	2	0 1	2 3	1 2	1 2	1 2	104784 157176	
1 2	1 2	0 1	7 10	8 12	1 2	2 3	0 1	0 1	4 6	1	15 22	16	38	75	2	37	6242	15	3	3	2 3	1 2	1 2	1 2	3 4	252193 378290	
2 3	1 2	0 1	0 1	7 10	4 6	1 2	0 1	5 8	3 4	0	4 6	15	34	80	3	41	7029	17	3	4	0 1	3 4	3 4	2 3	0 1	82140 123211	
0 0	2 3	2 3	0 1	2 3	3 4	3 4	1 2	0 1	3 4	0	5 8	16	33	62	4	30	7522	3	4	5	2 3	0 1	2 3	0 1	0 1	80000 120000	
1 2	0 0	3 4	6 9	7 10	0 1	1 2	3 4	4 6	1 2	0	2 3	47	91	180	8	43	17013	20	2	3	4 6	4 6	1 2	1 2	0 1	80000 120000	
2 3	3 4	0 1	4 6	4 6	1 2	4 6	1 2	4 7	3 4	0	6 9	42	75	159	8	2	16689	5	5	4	4 6	3 4	1 2	3 4	0 1	86665 129998	
1 2	2 3	2 3	4 6	1 2	2 3	4 6	0 1	1 2	1 2	1	15 22	21	52	117	5	13	9741	17	1	3	0 1	0 1	0 1	3 4	2 3	203456 305185	
2 3	0 1	0 1	2 3	4 7	8 12	4 6	3 4	5 8	4 6	1	12 19	8	4	22	1	3	1235	13	5	5	4 6	2 3	0 1	1 2	2 3	178405 267608	
0 1	2 3	0 0	2 3	3 4	4 7	3 4	0 0	0 1	4 6	0	1 2	10	14	52	1	47	3795	20	4	2	1 2	3 4	4 6	4 6	0 1	95046 142569	
1 2	3 4	0 1	8 12	2 3	7 10	0 0	3 4	3 4	3 4	0	7 10	21	40	92	5	41	8451	9	3	4	2 3	0 1	1 2	3 4	0 1	94151 141226	
3 4	0 1	1 2	4 7	6 9	0 1	0 1	0 0	4 7	1 2	0	11 16	5	9	29	1	8	1816	7	1	3	3 4	4 6	4 6	3 4	1 2	142642 213963	
0 0	2 3	2 3	5 8	7 10	6 9	0 0	0 0	4 7	0 1	0	8 13	2	17	14	2	31	1986	8	5	5	0 1	0 1	1 2	2 3	1 2	101661 152492	
0 0	1 2	1 2	5 8	4 6	0 1	1 2	3 4	4 7	3 4	0	8 13	34	61	150	7	10	13449	1	3	4	2 3	3 4	1 2	4 6	1 2	135200 202801	
1 2	0 0	1 2	3 4	2 3	4 7	0 1	3 4	2 3	1 2	0	8 13	29	61	108	6	46	11401	18	1	2	3 4	1 2	0 1	1 2	1 2	134751 202126	
0 0	1 2	1 2	5 8	4 7	2 3	0 1	2 3	2 3	3 4	1	22 33	38	61	145	7	37	13435	15	3	3	2 3	4 6	0 1	0 1	4 6	315824 473736	
0 0	0 1	0 0	4 6	3 4	8 12	0 1	0 0	6 9	0 1	1	11 16	22	45	60	3	9	7042	16	4	5	2 3	0 1	3 4	1 2	2 3	183610 275415	
2 3	0 1	1 2	5 8	2 3	3 4	3 4	0 1	5 8	0 1	1	17 26	24	48	130	6	2	11488	8	2	5	0 1	4 6	1 2	4 6	2 3	185608 278413	
1 2	0 1	0 1	3 4	2 3	2 3	4 6	2 3	0 1	3 4	1	20 31	2	6	10	1	3	436	1	5	3	1 2	2 3	2 3	3 4	4 6	320000 480000	
1 2	1 2	0 0	2 3	6 9	4 7	1 2	3 4	2 3	1 2	0	8 13	24	48	94	5	39	10921	11	3	1	4 6	2 3	4 6	2 3	1 2	135236 202855	
0 0	1 2	0 0	6 9	2 3	7 10	4 6	0 0	4 6	3 4	0	2 3	17	41	58	3	31	7123	3	3	1	2 3	2 3	1 2	3 4	0 1	80000 120000	
3 4	1 2	0 0	5 8	3 4	4 7	4 6	1 2	1 2	4 6	0	4 6	20	40	72	3	39	7189	0	1	4	2 3	2 3	2 3	0 1	0 1	80000 120000	
1 2	0 0	0 0	3 4	7 10	4 7	4 6	0 0	0 1	3 4	0	9 14	25	52	98	5	6	11039	18	1	2	3 4	0 1	1 2	2 3	1 2	98340 147510	
0 1	3 4	0 0	4 7	7 10	6 9	0 0	0 1	2 3	2 3	0	7 10	6	22	19	2	14	2662	15	4	4	1 2	4 6	2 3	4 6	1 2	147892 221838	
3 4	0 0	0 0	5 8	5 8	4 6	0 0	0 1	0 1	0 1	0	7 10	21	39	80	4	3	9546	16	1	4	0 1	4 6	1 2	4 6	0 1	87128 130693	
3 4	0 1	0 0	7 10	3 4	2 3	1 2	1 2	0 1	3 4	0	2 3	28	58	97	6	4	10536	0	4	1	4 6	1 2	3 4	2 3	0 1	80000 120000	
0 0	2 3	2 3	7 10	5 8	4 6	1 2	1 2	0 1	0 1	1	24 36	20	43	71	4	14	7978	16	3	1	1 2	4 6	4 6	4 6	4 6	289792 434689	
0 0	1 2	2 3	4 6	5 8	4 7	3 4	2 3	3 4	2 3	1	22 33	28	56	136	6	4	11930	12	2	3	0 1	4 6	0 1	1 2	4 6	320000 480000	
2 3	2 3	3 4	7 10	4 6	0 1	3 4	2 3	0 1	0 1	0	6 9	24	58	99	6	33	11101	5	4	4	0 1	2 3	0 1	0 1	0 1	87838 131757	
0 0	0 0	0 1	7 10	8 12	4 7	4 6	0 0	0 1	4 6	0	9 14	26	54	117	6	26	12133	2	4	4	1 2	0 1	0 1	4 6	1 2	112930 169395	
1 2	0 0	2 3	3 4	6 9	3 4	3 4	0 0	0 1	3 4	0	1 2	21	43	73	3	31	6736	2	2	2	3 4	4 6	1 2	0 1	0 1	80000 120000	
3 4	0 1	1 2	4 6	1 2	0 1	0 0	1 2	5 8	2 3	1	16 24	31	62	101	5	16	10413	12	4	1	1 2	1 2	2 3	0 1	2 3	160779 241168	
3 4	2 3	0 0	6 9	1 2	6 9	3 4	3 4	4 6	1 2	0	0 1	24	40	96	5	6	9124	12	2	4	3 4	2 3	4 6	4 6	0 1	91576 137364	
3 4	2 3	0 1	1 2	2 3	5 8	2 3	0 1	4 6	1 2	0	7 10	25	43	79	5	4	9821	19	2	1	3 4	4 6	4 6	3 4	1 2	109011 163516	
3 4	0 1	0 0	6 9	3 4	0 1	4 6	0 0	2 3	2 3	0	5 8	29	43	79	4	26	9822	9	3	4	2 3	2 3	4 6	0 1	0 1	80000 120000	
0 1	2 3	2 3	5 8	4 6	7 10	0 1	3 4	1 2	4 6	1	20 31	9	14	47	2	49	2681	14	5	3	0 1	0 1	2 3	2 3	3 4	241654 362481	
3 4	3 4	2 3	5 8	5 8	0 1	3 4	1 2	6 9	1 2	0	10 15	0	9	10	0	4	735	6	3	4	0 1	2 3	0 1	0 1	1 2	106558 159837	
2 3	3 4	0 0	2 3	6 9	7 10	1 2	0 1	1 2	0 1	0	1 2	23	46	76	4	39	8044	7	1	2	3 4	4 6	4 6	1 2	0 1	80000 120000	
3 4	1 2	3 4	0 1	5 8	1 2	0 0	0 1	2 3	2 3	0	8 13	39	75	129	8	36	13812	3	1	3	2 3	4 6	2 3	1 2	1 2	106201 159302	
1 2	0 0	2 3	4 7	8 12	6 9	1 2	2 3	4 7	1 2	0	12 18	32	65	129	7	38	12575	10	3	1	4 6	1 2	0 1	1 2	1 2	159796 239695	
3 4	2 3	2 3	6 9	4 6	1 2	0 0	2 3	2 3	1 2	0	11 16	28	50	94	6	23	9918	0	2	1	1 2	1 2	4 6	0 1	1 2	154217 231326	
1 2	1 2	0 0	6 9	7 10	5 8	0 1	1 2	2 3	4 6	0	0 1	36	86	150	8	31	15436	16	4	4	2 3	2 3	2 3	0 1	0 1	88442 132663	
0 1	3 4	2 3	4 6	4 6	5 8	0 1	3 4	6 9	3 4	0	4 7	50	100	200	10	38	19466	13	5	3	1 2	3 4	1 2	0 1	0 1	80000 120000	
2 3	1 2	3 4	6 9	4 6	2 3	2 3	0 1	6 9	2 3	0	8 12	44	87	186	10	4	18113	11	3	2	1 2	3 4	4 6	2 3	1 2	147287 220930	
3 4	2 3	3 4	1 2	6 9	5 8	0 0	2 3	4 7	0 1	1	13 20	24	33	101	4	6	8198	4	3	5	0 1	0 1	3 4	4 6	2 3	165576 248364	
2 3	2 3	3 4	7 10	3 4	1 2	2 3	1 2	6 9	3 4	0	2 3	42	97	189	8	3	18365	7	1	5	1 2	0 1	2 3	4 6	0 1	91556 137335	
1 2	0 1	1 2	2 3	8 12	1 2	2 3	3 4	5 8	0 1	1	13 20	17	37	55	3	25	6370	10	2	3	3 4	2 3	2 3	0 1	2 3	216092 324138	
3 4	3 4	3 4	0 1	1 2	0 1	2 3	1 2	4 6	1 2	0	9 14	32	66	133	6	7	13164	6	3	5	2 3	1 2	2 3	2 3	1 2	149108 223663	
3 4	0 1	2 3	6 9	4 7	7 10	3 4	0 1	1 2	3 4	1	14 21	15	18	29	2	19	4825	19	3	2	0 1	0 1	4 6	3 4	2 3	183366 275049	
3 4	2 3	3 4	4 7	4 7	7 10	3 4	2 3	4 7	3 4	1	16 24	49	100	172	9	30	19109	20	1	5	3 4	0 1	2 3	0 1	2 3	184499 276748	
3 4	2 3	0 1	2 3	8 12	4 7	4 6	3 4	1 2	3 4	0	6 9	18	26	44	2	31	5835	5	3	5	3 4	4 6	3 4	3 4	0 1	80000 120000	
0 0	0 0	0 0	8 12	7 10	8 12	4 6	2 3	4 6	3 4	1	24 36	46	100	180	10	39	19529	12	3	4	3 4	4 6	2 3	0 1	4 6	316697 475046	
2 3	0 0	0 0	4 7	5 8	0 1	3 4	0 0	4 7	3 4	0	5 8	19	40	88	5	22	8309	19	4	4	3 4	4 6	3 4	1 2	1 2	155424 233136	
0 1	3 4	3 4	4 7	3 4	7 10	1 2	3 4	6 9	4 6	1	20 30	17	49	97	4	39	7987	7	2	2	0 1	1 2	1 2	1 2	3 4	283024 424536	
2 3	2 3	1 2	5 8	2 3	0 1	2 3	0 0	5 8	2 3	1	22 33	27	51	109	6	12	12103	5	2	1	2 3	4 6	2 3	2 3	3 4	264394 396591	
0 1	1 2	0 0	8 12	1 2	1 2	0 0	2 3	6 9	3 4	0	3 4	20	36	104	4	46	8584	14	4	4	4 6	0 1	2 3	4 6	0 1	80000 120000	
1 2	0 1	3 4	7 10	3 4	4 7	1 2	1 2	3 4	0 1	0	11 16	46	94	180	8	39	17333	18	2	1	0 1	4 6	1 2	4 6	1 2	154268 231403	
1 2	2 3	0 1	0 1	4 7	3 4	3 4	2 3	3 4	1 2	0	7 10	34	84	167	8	24	15442	7	3	5	1 2	3 4	3 4	0 1	0 1	80000 120000	
0 1	0 0	0 1	4 7	4 7	6 9	0 0	0 1	5 8	1 2	1	13 20	27	48	85	6	23	9677	2	2	4	4 6	1 2	4 6	0 1	2 3	169418 254127	
2 3	3 4	0 1	5 8	3 4	3 4	4 6	2 3	0 1	0 1	1	15 22	30	54	102	5	1	11570	19	2	3	0 1	3 4	1 2	3 4	2 3	164978 247467	
1 2	3 4	2 3	1 2	2 3	3 4	3 4	1 2	0 1	2 3	0	6 9	19	53	80	5	19	9237	16	3	4	3 4	3 4	0 1	3 4	0 1	80000 120000	
3 4	0 0	0 0	6 9	1 2	5 8	4 6	0 0	1 2	1 2	1	18 27	25	57	127	7	3	11015	18	4	1	4 6	3 4	0 1	0 1	3 4	273528 410292	
0 1	0 0	0 0	4 7	4 6	2 3	0 0	2 3	6 9	2 3	0	2 3	37	72	159	7	22	14388	18	3	3	0 1	4 6	3 4	2 3	0 1	80000 120000	
2 3	0 1	0 1	0 1	6 9	2 3	3 4	2 3	2 3	4 6	1	21 32	38	76	145	9	29	16184	4	4	4	4 6	2 3	1 2	0 1	3 4	229428 344142	
0 0	2 3	3 4	2 3	6 9	4 6	0 0	0 1	0 1	2 3	1	24 36	15	24	52	2	42	6352	15	3	5	3 4	4 6	1 2	2 3	4 6	292224 438337	
1 2	1 2	1 2	0 1	4 6	5 8	2 3	0 0	0 1	0 1	1	22 33	28	58	115	7	18	13243	2	4	3	4 6	4 6	3 4	2 3	4 6	301672 452508	
1 2	0 0	2 3	7 10	4 6	4 7	3 4	2 3	0 1	2 3	1	17 26	10	13	38	1	49	2226	16	2	4	0 1	3 4	3 4	2 3	2 3	212860 319290	
0 1	2 3	1 2	2 3	7 10	2 3	0 0	0 0	6 9	1 2	0	4 6	7	25	49	3	32	4473	16	1	5	1 2	0 1	4 6	3 4	0 1	80000 120000	
0 1	1 2	3 4	2 3	1 2	5 8	1 2	2 3	1 2	0 1	1	20 30	32	69	138	8	29	13694	9	1	1	4 6	3 4	1 2	1 2	4 6	320000 480000	
2 3	0 1	3 4	1 2	4 7	1 2	1 2	0 0	5 8	3 4	1	19 28	22	36	73	3	15	8083	18	4	5	1 2	3 4	1 2	3 4	3 4	228875 343312	
0 0	1 2	3 4	6 9	7 10	5 8	0 1	0 1	6 9	0 1	1	18 27	10	8	11	2	21	2894	14	5	3	4 6	3 4	2 3	4 6	3 4	229232 343848	
0 1	1 2	0 1	1 2	6 9	0 1	0 1	3 4	6 9	4 6	1	16 24	45	86	165	8	36	16521	0	2	1	0 1	3 4	1 2	1 2	2 3	167974 251961	
1 2	0 1	0 1	6 9	4 7	2 3	3 4	0 1	3 4	1 2	1	23 34	44	96	189	10	35	18919	13	1	1	2 3	2 3	1 2	1 2	4 6	320000 480000	
0 1	0 0	3 4	4 6	4 6	1 2	1 2	0 0	6 9	2 3	1	14 21	35	56	138	6	38	12769	8	2	2	3 4	3 4	0 1	2 3	2 3	162340 243511	
0 1	3 4	2 3	6 9	8 12	3 4	0 0	3 4	2 3	3 4	0	4 7	30	69	104	6	36	12336	10	4	2	2 3	3 4	0 1	4 6	0 1	80000 120000	
2 3	0 0	0 0	7 10	4 6	0 1	1 2	1 2	4 6	2 3	0	1 2	48	98	185	8	12	17669	5	5	1	2 3	1 2	0 1	4 6	0 1	82808 124212	
0 1	2 3	0 0	0 1	4 7	6 9	0 1	1 2	3 4	0 1	0	11 16	4	2	10	1	12	401	17	3	2	2 3	0 1	0 1	0 1	1 2	103885 155828	
1 2	0 1	2 3	1 2	2 3	6 9	1 2	2 3	4 7	1 2	1	23 34	28	60	116	6	43	12345	12	5	2	4 6	3 4	2 3	1 2	4 6	320000 480000	
0 0	1 2	0 0	4 7	7 10	4 6	1 2	0 0	5 8	1 2	0	2 3	16	45	75	3	14	6998	8	2	4	2 3	1 2	2 3	2 3	0 1	80000 120000	
2 3	3 4	0 0	5 8	3 4	7 10	3 4	3 4	5 8	2 3	0	9 14	35	61	139	6	26	13048	9	2	3	3 4	0 1	0 1	1 2	1 2	146350 219525	
0 0	0 1	3 4	2 3	3 4	4 7	0 0	0 1	5 8	0 1	0	4 6	8	18	30	2	15	4469	2	3	5	4 6	0 1	3 4	0 1	0 1	80000 120000	
2 3	3 4	0 0	5 8	6 9	4 7	1 2	2 3	2 3	2 3	0	1 2	31	67	110	7	35	12262	19	1	4	1 2	4 6	1 2	4 6	0 1	80000 120000	
3 4	0 1	0 0	4 6	7 10	6 9	0 0	1 2	2 3	4 6	1	12 18	27	58	87	5	29	9684	13	1	4	0 1	4 6	3 4	3 4	2 3	172148 258223	
0 1	0 0	2 3	2 3	7 10	2 3	0 0	0 0	0 1	3 4	1	13 20	13	13	45	3	12	3886	0	5	2	3 4	4 6	1 2	3 4	2 3	195527 293290	
2 3	0 1	2 3	0 1	4 6	0 1	4 6	0 0	6 9	1 2	1	22 33	50	88	200	10	19	19106	2	5	5	4 6	2 3	2 3	0 1	3 4	276790 415185	
0 0	1 2	3 4	0 1	1 2	5 8	0 0	3 4	6 9	1 2	1	22 33	21	42	75	5	16	8018	1	5	5	1 2	1 2	0 1	4 6	3 4	237696 356545	
2 3	1 2	1 2	5 8	6 9	7 10	0 0	2 3	1 2	4 6	0	7 10	1	5	11	0	7	1581	17	5	4	0 1	3 4	4 6	3 4	0 1	80000 120000	
1 2	3 4	0 1	8 12	6 9	4 6	1 2	3 4	1 2	0 1	1	14 21	44	76	154	7	35	16221	7	4	3	1 2	4 6	3 4	1 2	2 3	162855 244282	
0 0	3 4	0 1	4 7	3 4	1 2	3 4	0 0	4 6	2 3	0	12 18	47	82	175	9	28	17541	14	2	3	3 4	4 6	1 2	0 1	1 2	156965 235448	
3 4	2 3	2 3	5 8	6 9	8 12	0 1	1 2	1 2	2 3	0	10 15	3	2	10	1	11	1401	17	5	2	1 2	4 6	4 6	0 1	1 2	159430 239145	
0 0	1 2	0 1	5 8	1 2	5 8	2 3	0 1	4 6	0 1	0	8 12	4	8	10	0	23	600	8	5	4	0 1	4 6	1 2	4 6	1 2	110771 166156	
3 4	1 2	1 2	4 7	5 8	4 6	1 2	0 1	0 1	1 2	0	4 6	9	23	73	2	36	5363	4	2	1	3 4	2 3	4 6	1 2	0 1	80000 120000	
0 1	0 1	1 2	7 10	7 10	0 1	3 4	0 1	4 6	0 1	0	5 8	21	40	95	5	48	10003	8	3	2	4 6	3 4	2 3	3 4	0 1	80000 120000	
1 2	0 0	2 3	7 10	1 2	4 6	2 3	0 0	0 1	2 3	1	23 34	45	90	181	10	50	19783	7	2	4	3 4	4 6	1 2	1 2	4 6	320000 480000	
3 4	0 1	0 1	2 3	3 4	4 6	0 0	0 0	5 8	1 2	0	11 16	18	32	64	4	16	7593	12	5	3	0 1	3 4	3 4	0 1	1 2	133760 200640	
1 2	1 2	0 1	1 2	1 2	6 9	0 1	3 4	5 8	0 1	0	8 12	21	40	96	5	10	7667	16	4	3	4 6	1 2	2 3	0 1	1 2	153662 230493	
0 1	2 3	0 0	5 8	2 3	4 7	4 6	1 2	1 2	4 6	0	3 4	6	7	11	0	48	980	12	5	2	1 2	3 4	1 2	4 6	0 1	80000 120000	
0 0	0 1	3 4	4 7	4 7	2 3	3 4	0 0	5 8	1 2	0	4 7	38	65	132	7	26	14379	13	2	4	1 2	4 6	3 4	2 3	0 1	80000 120000	
0 0	0 1	2 3	7 10	1 2	0 1	2 3	0 1	3 4	0 1	1	19 28	1	2	20	0	8	1045	11	1	3	3 4	4 6	4 6	2 3	3 4	259892 389838	
1 2	1 2	0 1	4 7	1 2	1 2	0 1	1 2	1 2	2 3	0	8 13	41	72	148	7	27	14407	18	1	5	3 4	2 3	3 4	0 1	1 2	142363 213544	
3 4	0 1	1 2	4 7	4 6	4 6	4 6	0 1	6 9	1 2	1	17 26	2	3	10	0	33	84	10	3	3	3 4	2 3	3 4	4 6	2 3	175795 263692	
3 4	2 3	0 0	8 12	8 12	3 4	3 4	1 2	4 7	4 6	0	11 16	5	8	43	2	15	2350	16	1	5	1 2	0 1	0 1	3 4	1 2	118863 178294	
1 2	0 0	0 1	4 7	4 6	5 8	0 0	0 0	0 1	2 3	1	10 15	5	2	14	0	31	97	12	3	1	2 3	4 6	0 1	3 4	2 3	211648 317473	
0 0	0 1	0 1	1 2	2 3	6 9	0 0	2 3	1 2	3 4	1	22 33	37	76	124	6	37	13237	16	5	4	0 1	3 4	0 1	0 1	4 6	291501 437252	
0 1	2 3	3 4	4 7	7 10	3 4	4 6	0 0	4 7	4 6	0	8 12	9	4	27	2	14	1906	0	2	2	1 2	2 3	3 4	4 6	1 2	113487 170230	
1 2	2 3	3 4	2 3	1 2	8 12	0 0	0 0	1 2	3 4	1	12 18	44	97	199	9	26	18795	2	2	5	0 1	2 3	1 2	2 3	2 3	170372 255558	
2 3	3 4	0 1	4 7	8 12	1 2	4 6	0 1	6 9	2 3	1	15 22	21	43	49	3	23	6703	1	1	5	3 4	4 6	4 6	0 1	2 3	181076 271615	
0 0	2 3	1 2	2 3	4 7	4 7	3 4	0 0	0 1	2 3	0	2 3	32	61	109	5	33	10868	18	2	1	0 1	3 4	3 4	4 6	0 1	90780 136170	
3 4	2 3	3 4	4 7	1 2	4 6	0 0	1 2	5 8	4 6	0	1 2	8	32	59	2	24	4921	12	2	2	1 2	4 6	4 6	3 4	0 1	80000 120000	
0 1	0 1	1 2	8 12	8 12	4 6	1 2	1 2	6 9	2 3	1	20 31	18	36	87	4	17	7432	19	5	2	1 2	3 4	1 2	0 1	3 4	282116 423175	
3 4	0 1	3 4	4 6	4 6	3 4	1 2	1 2	1 2	3 4	0	5 8	8	6	26	2	38	2030	12	2	2	0 1	2 3	2 3	2 3	1 2	120965 181448	
2 3	3 4	0 0	3 4	6 9	8 12	4 6	1 2	4 7	0 1	1	17 26	39	92	161	9	11	16763	20	1	3	0 1	3 4	4 6	1 2	2 3	192412 288619	
3 4	3 4	0 0	4 6	6 9	3 4	2 3	0 0	6 9	2 3	1	18 27	11	13	20	1	7	2524	16	5	2	1 2	3 4	4 6	2 3	3 4	280965 421448	
3 4	3 4	0 1	5 8	3 4	4 7	0 0	1 2	4 6	3 4	0	3 4	25	48	85	4	12	8571	5	1	1	0 1	2 3	0 1	3 4	0 1	88230 132345	
1 2	0 1	2 3	2 3	2 3	4 6	3 4	0 0	1 2	4 6	0	1 2	3	8	10	2	21	2235	2	2	1	3 4	1 2	4 6	3 4	0 1	80000 120000	
2 3	1 2	2 3	8 12	6 9	3 4	4 6	3 4	4 7	3 4	1	13 20	4	3	27	1	46	1101	12	4	2	0 1	4 6	4 6	3 4	2 3	175264 262896	
1 2	3 4	0 1	6 9	6 9	6 9	4 6	3 4	2 3	4 6	0	4 7	29	57	120	5	39	10081	3	2	3	1 2	2 3	1 2	3 4	0 1	80000 120000	
0 1	0 0	0 1	3 4	7 10	5 8	0 1	1 2	1 2	4 6	0	4 7	42	74	158	8	5	15849	2	3	1	4 6	3 4	4 6	3 4	0 1	80000 120000	
0 1	1 2	0 0	7 10	8 12	5 8	4 6	3 4	3 4	1 2	0	11 16	11	4	18	1	3	2507	9	3	2	4 6	1 2	4 6	0 1	1 2	125908 188863	
0 1	3 4	0 0	6 9	6 9	8 12	2 3	0 0	1 2	4 6	1	20 30	8	21	49	1	46	4056	2	3	5	1 2	0 1	0 1	3 4	4 6	320000 480000	
0 1	1 2	1 2	3 4	8 12	4 6	1 2	3 4	6 9	4 6	0	9 14	17	44	87	3	47	6874	19	5	2	2 3	3 4	0 1	1 2	1 2	107228 160843	
2 3	2 3	0 1	5 8	1 2	4 6	3 4	2 3	6 9	1 2	1	23 34	50	100	200	10	10	19328	4	4	5	0 1	2 3	0 1	3 4	4 6	320000 480000	
1 2	0 0	0 1	5 8	4 7	0 1	0 1	0 1	0 1	2 3	0	9 14	14	38	59	3	29	5730	19	1	1	0 1	4 6	0 1	0 1	1 2	120201 180302	
3 4	1 2	0 0	4 7	5 8	7 10	0 1	2 3	5 8	3 4	1	23 34	50	93	176	9	2	18604	9	3	3	1 2	1 2	2 3	1 2	4 6	320000 480000	
0 1	2 3	0 1	4 7	4 7	3 4	1 2	2 3	4 6	1 2	0	4 7	39	95	155	9	34	16960	15	3	5	2 3	2 3	2 3	0 1	0 1	80749 121124	
2 3	0 0	2 3	2 3	4 7	4 7	2 3	3 4	5 8	4 6	0	11 16	18	33	98	4	14	8483	8	2	4	2 3	3 4	2 3	1 2	1 2	158342 237513	
0 0	0 1	0 0	7 10	6 9	3 4	0 1	1 2	0 1	4 6	0	6 9	21	39	70	4	18	7867	19	2	1	2 3	0 1	4 6	4 6	1 2	117173 175760	
3 4	2 3	0 1	0 1	4 6	0 1	0 0	0 0	4 7	2 3	0	5 8	22	37	77	4	22	9058	4	3	3	0 1	1 2	1 2	0 1	0 1	80000 120000	
0 1	1 2	2 3	2 3	5 8	7 10	2 3	1 2	4 6	4 6	1	21 32	3	16	20	1	13	2925	8	2	3	0 1	2 3	3 4	3 4	4 6	320000 480000	
1 2	1 2	0 1	7 10	3 4	8 12	3 4	1 2	5 8	0 1	1	14 21	18	41	77	4	26	9182	9	1	5	1 2	3 4	2 3	2 3	2 3	164654 246981	
0 0	2 3	1 2	2 3	1 2	2 3	0 1	0 0	5 8	4 6	0	6 9	33	54	124	5	40	11629	4	1	3	1 2	2 3	4 6	2 3	1 2	119673 179510	
3 4	3 4	3 4	0 1	1 2	0 1	2 3	0 1	0 1	2 3	1	12 19	12	27	69	3	26	6102	3	2	4	1 2	4 6	1 2	1 2	2 3	185798 278697	
0 0	3 4	0 0	4 7	7 10	6 9	0 0	0 0	0 1	4 6	0	9 14	22	51	77	5	29	8522	2	1	2	0 1	4 6	1 2	1 2	1 2	151634 227451	
2 3	2 3	1 2	2 3	1 2	6 9	3 4	2 3	2 3	4 6	1	12 19	21	50	108	5	17	10114	9	2	3	4 6	2 3	1 2	0 1	2 3	163716 245574	
0 0	0 0	3 4	4 7	8 12	3 4	1 2	3 4	0 1	3 4	0	4 6	27	50	111	7	10	11187	20	2	2	3 4	4 6	1 2	1 2	0 1	93549 140324	
0 0	0 0	0 0	8 12	8 12	8 12	4 6	1 2	4 7	3 4	0	5 8	10	24	53	2	31	4082	12	3	1	1 2	0 1	2 3	2 3	0 1	80000 120000	
0 1	3 4	2 3	0 1	7 10	4 6	1 2	0 1	5 8	3 4	0	0 1	45	97	181	9	9	17604	15	5	1	3 4	2 3	3 4	2 3	0 1	80000 120000	
2 3	1 2	2 3	4 6	1 2	6 9	0 1	0 1	1 2	2 3	0	13 20	7	12	28	0	29	1456	15	4	3	1 2	1 2	0 1	4 6	1 2	127580 191371	
1 2	0 1	1 2	7 10	5 8	0 1	0 1	0 0	3 4	2 3	1	16 24	4	2	10	0	10	496	16	1	3	2 3	2 3	3 4	3 4	2 3	177706 266559	
0 1	3 4	3 4	2 3	2 3	0 1	4 6	0 0	6 9	0 1	0	1 2	13	10	46	2	15	3119	12	4	2	2 3	3 4	2 3	4 6	0 1	82449 123674	
3 4	0 0	1 2	5 8	5 8	2 3	4 6	0 0	4 7	3 4	0	12 19	23	44	93	5	31	7702	0	4	1	4 6	2 3	2 3	1 2	1 2	137152 205729	
2 3	0 1	0 1	0 1	6 9	3 4	3 4	2 3	1 2	4 6	0	10 15	25	44	103	4	39	9518	9	2	5	2 3	1 2	1 2	2 3	1 2	145191 217786	
0 1	1 2	0 0	0 1	2 3	4 6	4 6	0 1	3 4	0 1	1	12 19	15	41	65	3	19	7668	15	3	1	3 4	1 2	3 4	2 3	2 3	206428 309643	
0 1	1 2	0 0	0 1	5 8	2 3	0 0	0 1	4 6	0 1	1	16 24	33	67	149	6	46	13515	5	2	5	2 3	1 2	4 6	2 3	2 3	203729 305594	
2 3	2 3	0 1	0 1	7 10	0 1	0 0	0 0	5 8	0 1	1	24 36	35	58	104	7	6	12388	14	2	4	0 1	0 1	4 6	2 3	4 6	294543 441814	
3 4	2 3	2 3	8 12	8 12	0 1	4 6	1 2	0 1	3 4	0	2 3	22	47	74	4	11	7836	3	3	3	1 2	1 2	1 2	2 3	0 1	80000 120000	
0 1	0 1	1 2	6 9	1 2	6 9	2 3	2 3	4 7	0 1	0	10 15	30	67	140	7	30	13998	17	1	2	1 2	0 1	0 1	3 4	1 2	100427 150640	
0 0	0 1	1 2	0 1	1 2	5 8	1 2	0 1	2 3	2 3	0	8 12	26	54	115	5	25	10683	2	2	2	0 1	1 2	0 1	0 1	1 2	153150 229725	
1 2	3 4	2 3	5 8	3 4	8 12	3 4	0 0	3 4	1 2	1	20 30	0	8	10	0	1	582	1	4	4	2 3	0 1	1 2	2 3	4 6	319012 478519	
0 1	1 2	2 3	7 10	4 7	2 3	1 2	3 4	5 8	0 1	1	15 22	40	62	137	7	26	14165	18	3	5	2 3	1 2	2 3	0 1	2 3	216206 324309	
1 2	0 0	0 1	8 12	4 6	5 8	1 2	0 1	4 7	2 3	0	10 15	9	18	59	3	23	4616	8	4	4	2 3	1 2	3 4	1 2	1 2	128556 192835	
1 2	1 2	0 0	3 4	6 9	6 9	0 0	3 4	6 9	2 3	0	4 7	0	9	19	0	15	830	10	3	2	4 6	4 6	1 2	3 4	0 1	80000 120000	
2 3	3 4	0 0	2 3	1 2	5 8	2 3	1 2	0 1	4 6	0	1 2	7	13	17	1	18	2226	3	3	3	2 3	4 6	0 1	4 6	0 1	80000 120000	
0 0	0 1	1 2	4 7	5 8	0 1	2 3	0 0	3 4	3 4	1	19 28	29	43	120	6	18	10378	11	4	5	1 2	3 4	2 3	2 3	3 4	227142 340713	
1 2	0 1	1 2	0 1	5 8	1 2	0 0	2 3	1 2	4 6	1	23 34	21	48	92	4	21	7834	9	1	1	0 1	0 1	2 3	4 6	4 6	302674 454011	
1 2	3 4	0 0	4 6	3 4	6 9	3 4	3 4	2 3	0 1	1	14 21	39	90	164	8	37	17457	11	1	2	0 1	2 3	3 4	1 2	2 3	209164 313746	
0 1	2 3	2 3	1 2	4 7	6 9	2 3	0 1	5 8	0 1	0	6 9	5	6	45	2	43	2969	8	2	5	2 3	0 1	2 3	1 2	0 1	80000 120000	
2 3	3 4	0 0	7 10	4 7	8 12	2 3	0 0	2 3	2 3	1	15 22	43	82	171	8	35	16249	7	2	3	2 3	4 6	0 1	4 6	2 3	178108 267163	
0 0	1 2	0 0	7 10	1 2	4 6	3 4	2 3	3 4	3 4	0	11 16	10	15	33	2	16	4298	7	3	1	4 6	3 4	0 1	1 2	1 2	157375 236062	
1 2	1 2	3 4	3 4	2 3	5 8	4 6	0 1	4 6	1 2	0	9 14	44	95	176	9	1	19392	10	2	1	1 2	2 3	2 3	4 6	1 2	141545 212318	
2 3	3 4	0 0	5 8	1 2	4 6	3 4	2 3	4 7	3 4	1	15 22	20	22	61	3	37	6105	13	5	1	0 1	3 4	1 2	0 1	2 3	189194 283791	
0 1	1 2	0 0	4 7	2 3	2 3	4 6	2 3	6 9	2 3	1	16 25	21	48	80	5	46	8634	18	5	3	0 1	0 1	2 3	4 6	2 3	217194 325791	
0 0	0 1	0 1	8 12	4 6	4 6	0 0	2 3	3 4	0 1	0	0 1	14	45	72	3	26	7154	9	4	2	1 2	1 2	1 2	2 3	0 1	80000 120000	
3 4	1 2	0 1	6 9	2 3	4 7	1 2	3 4	3 4	0 1	0	8 13	14	22	64	2	9	4998	14	4	5	0 1	4 6	3 4	4 6	0 1	84950 127425	
0 1	0 0	0 1	6 9	4 6	7 10	0 0	0 0	3 4	2 3	0	1 2	20	48	103	4	46	8732	0	4	5	1 2	1 2	0 1	3 4	0 1	80000 120000	
3 4	2 3	2 3	4 7	3 4	3 4	0 0	2 3	3 4	4 6	1	18 27	13	34	66	3	31	5701	11	3	2	1 2	2 3	0 1	1 2	2 3	190304 285456	
3 4	0 0	0 1	0 1	1 2	4 7	3 4	0 0	4 7	4 6	1	17 26	23	39	112	4	22	9303	19	1	4	0 1	4 6	3 4	3 4	2 3	166812 250218	
3 4	0 0	1 2	2 3	2 3	3 4	1 2	1 2	6 9	2 3	0	5 8	29	62	114	6	24	10718	7	3	2	4 6	2 3	0 1	2 3	0 1	86533 129800	
2 3	0 0	1 2	2 3	2 3	2 3	0 0	0 0	3 4	2 3	0	2 3	6	15	17	1	47	2823	0	4	4	0 1	1 2	2 3	2 3	0 1	80000 120000	
0 0	0 1	0 0	0 1	7 10	2 3	0 1	2 3	3 4	2 3	1	10 15	50	100	187	10	49	19416	20	2	2	0 1	3 4	4 6	0 1	2 3	210044 315066	
0 0	0 1	0 1	2 3	7 10	1 2	4 6	2 3	2 3	2 3	0	7 10	26	36	82	5	30	8436	20	4	1	2 3	0 1	3 4	2 3	1 2	97079 145618	
1 2	0 1	1 2	3 4	8 12	6 9	4 6	3 4	4 7	3 4	0	0 1	3	8	22	0	29	1761	12	4	3	3 4	1 2	4 6	0 1	0 1	80000 120000	
3 4	0 1	1 2	5 8	5 8	8 12	4 6	1 2	1 2	4 6	0	9 14	44	83	175	8	3	17919	3	3	4	4 6	3 4	1 2	1 2	1 2	142685 214028	
2 3	0 1	0 0	1 2	2 3	2 3	3 4	0 0	4 7	3 4	1	13 20	43	88	164	9	17	18187	14	2	5	2 3	2 3	1 2	1 2	2 3	214757 322136	
0 0	1 2	2 3	8 12	5 8	3 4	0 1	0 0	2 3	2 3	1	19 28	18	20	69	4	43	5808	7	5	4	4 6	2 3	2 3	0 1	3 4	286070 429105	
0 0	0 0	2 3	5 8	6 9	5 8	3 4	3 4	1 2	2 3	0	5 8	8	20	55	2	9	3630	4	2	5	4 6	1 2	1 2	1 2	0 1	80000 120000	
1 2	2 3	0 1	3 4	4 7	2 3	2 3	0 0	3 4	1 2	1	17 26	4	2	23	1	13	1855	7	1	3	1 2	0 1	0 1	2 3	3 4	285743 428614	
3 4	0 0	3 4	3 4	6 9	3 4	3 4	0 1	1 2	0 1	0	3 4	36	62	117	7	23	13079	9	3	1	0 1	3 4	4 6	1 2	0 1	80000 120000	
3 4	2 3	3 4	0 1	6 9	4 6	3 4	2 3	0 1	3 4	1	16 25	42	89	200	9	8	18500	11	4	5	2 3	4 6	1 2	1 2	3 4	242285 363428	
2 3	3 4	1 2	2 3	8 12	5 8	1 2	1 2	5 8	1 2	0	5 8	33	63	124	6	44	13463	12	5	1	0 1	4 6	4 6	2 3	0 1	89659 134488	
0 0	1 2	0 0	8 12	6 9	4 7	3 4	3 4	0 1	4 6	1	22 33	1	3	24	0	48	607	16	1	3	3 4	2 3	4 6	3 4	3 4	249356 374034	
0 0	0 0	0 0	7 10	7 10	8 12	1 2	2 3	3 4	0 1	1	15 22	41	72	140	7	44	15503	8	4	5	0 1	2 3	1 2	2 3	3 4	266676 400014	
3 4	1 2	3 4	6 9	4 7	4 6	4 6	0 1	2 3	3 4	0	4 6	23	40	85	3	32	7373	19	4	5	4 6	0 1	1 2	1 2	0 1	91536 137304	
2 3	1 2	2 3	6 9	7 10	3 4	4 6	0 1	4 7	2 3	0	1 2	47	93	175	8	43	16895	16	4	4	3 4	1 2	2 3	2 3	0 1	80000 120000	
3 4	0 1	1 2	2 3	4 7	2 3	2 3	3 4	2 3	3 4	0	6 9	22	34	93	4	26	8692	14	5	3	1 2	1 2	0 1	4 6	1 2	154924 232387	
0 0	2 3	0 1	8 12	8 12	3 4	0 1	0 1	1 2	1 2	1	14 21	27	54	131	6	5	11945	18	2	2	0 1	3 4	1 2	2 3	2 3	221395 332092	
0 1	0 1	3 4	3 4	4 7	1 2	3 4	1 2	4 6	1 2	1	12 18	27	45	87	5	18	9850	11	4	1	0 1	3 4	4 6	1 2	2 3	221288 331933	
0 0	3 4	3 4	2 3	1 2	6 9	3 4	3 4	4 6	3 4	1	22 33	31	59	130	8	26	13450	4	3	2	4 6	3 4	0 1	0 1	3 4	225826 338739	
1 2	1 2	2 3	4 6	5 8	3 4	3 4	1 2	3 4	2 3	0	1 2	0	9	10	0	19	250	12	5	3	1 2	0 1	4 6	1 2	0 1	80000 120000	
0 0	0 0	0 1	2 3	1 2	4 7	3 4	1 2	5 8	0 1	1	12 19	44	85	166	8	20	16030	1	4	1	0 1	1 2	3 4	2 3	2 3	171587 257380	
0 0	0 0	3 4	7 10	5 8	2 3	0 0	2 3	0 1	1 2	1	20 30	45	88	155	9	25	16666	18	2	2	2 3	2 3	0 1	2 3	3 4	256012 384018	
3 4	0 1	0 1	3 4	8 12	1 2	0 1	1 2	6 9	0 1	0	4 7	44	87	174	9	35	18930	15	4	1	2 3	0 1	2 3	4 6	0 1	80000 120000	
0 1	2 3	2 3	2 3	1 2	7 10	2 3	3 4	1 2	0 1	1	12 18	24	56	105	5	4	9432	9	2	2	2 3	1 2	3 4	2 3	2 3	192025 288038	
1 2	2 3	2 3	1 2	4 6	4 7	4 6	3 4	2 3	3 4	1	16 24	35	74	157	7	26	14985	14	3	1	0 1	4 6	1 2	3 4	3 4	225834 338751	
0 1	2 3	0 0	5 8	4 6	1 2	1 2	3 4	5 8	1 2	0	8 13	23	46	128	6	35	11107	11	2	3	1 2	1 2	3 4	4 6	1 2	138722 208083	
0 1	2 3	0 0	5 8	5 8	4 6	3 4	0 1	6 9	0 1	1	18 27	45	93	200	10	13	19677	20	3	3	3 4	4 6	2 3	0 1	2 3	213395 320092	
1 2	1 2	0 0	5 8	1 2	4 7	0 1	0 0	0 1	4 6	0	10 15	5	7	10	1	12	1080	17	5	4	4 6	4 6	3 4	2 3	1 2	126680 190020	
3 4	0 1	1 2	3 4	8 12	4 7	4 6	1 2	2 3	2 3	0	1 2	9	6	10	1	30	2944	7	1	3	3 4	1 2	1 2	1 2	0 1	80907 121360	
2 3	2 3	2 3	6 9	1 2	0 1	0 1	0 0	5 8	0 1	1	16 25	18	40	89	4	38	8594	8	3	1	2 3	3 4	2 3	4 6	3 4	252089 378134	
3 4	3 4	0 0	4 6	5 8	6 9	3 4	1 2	6 9	2 3	1	16 24	27	42	100	5	39	9336	10	4	3	1 2	1 2	3 4	1 2	2 3	167092 250639	
0 0	0 1	1 2	2 3	8 12	3 4	1 2	3 4	4 6	2 3	0	9 14	26	56	96	6	35	10722	10	3	2	2 3	0 1	0 1	3 4	1 2	134503 201754	
0 0	0 1	0 0	7 10	4 6	4 6	0 0	3 4	4 6	0 1	1	15 22	11	12	49	1	30	3534	12	2	5	1 2	0 1	2 3	3 4	3 4	264826 397239	
0 0	0 1	1 2	4 7	4 6	7 10	3 4	0 0	3 4	0 1	0	13 20	12	37	52	3	34	6360	9	2	2	4 6	0 1	4 6	1 2	1 2	148949 223424	
2 3	2 3	0 0	0 1	8 12	7 10	0 0	0 1	5 8	1 2	1	14 21	0	8	23	2	37	1256	11	1	4	1 2	2 3	0 1	3 4	2 3	163364 245046	
3 4	0 0	1 2	5 8	4 6	6 9	3 4	0 0	4 7	0 1	0	11 16	14	22	56	2	2	5624	4	4	4	4 6	0 1	3 4	0 1	1 2	119356 179034	
1 2	0 1	0 0	1 2	7 10	4 7	2 3	2 3	6 9	1 2	0	9 14	50	100	188	10	48	19429	18	1	1	2 3	3 4	1 2	1 2	1 2	96187 144280	
1 2	1 2	3 4	3 4	4 6	7 10	1 2	0 1	1 2	4 6	0	8 12	18	37	61	3	2	7103	18	1	3	0 1	0 1	1 2	2 3	1 2	100240 150361	
1 2	1 2	3 4	4 7	2 3	8 12	0 1	0 1	1 2	0 1	0	9 14	3	4	10	1	12	828	17	5	5	0 1	0 1	4 6	2 3	1 2	100136 150205	
0 1	2 3	1 2	5 8	3 4	0 1	3 4	2 3	3 4	3 4	1	17 26	34	68	129	5	33	11790	12	1	3	1 2	3 4	0 1	2 3	3 4	278093 417140	
0 0	2 3	1 2	7 10	6 9	2 3	2 3	2 3	0 1	2 3	0	5 8	0	3	18	1	18	1549	3	3	5	4 6	1 2	1 2	1 2	0 1	80000 120000	
1 2	2 3	3 4	4 6	5 8	5 8	0 1	0 0	0 1	4 6	1	24 36	26	51	119	6	16	10999	8	4	2	3 4	4 6	1 2	4 6	4 6	320000 480000	
0 1	3 4	0 1	4 7	1 2	2 3	3 4	3 4	5 8	0 1	0	6 9	47	86	171	9	36	18816	0	1	1	4 6	4 6	3 4	2 3	0 1	80000 120000	
0 0	3 4	0 1	0 1	1 2	4 6	4 6	0 1	5 8	0 1	0	6 9	24	34	93	4	28	8687	13	1	1	4 6	0 1	1 2	2 3	0 1	80000 120000	
3 4	2 3	1 2	5 8	4 7	0 1	1 2	2 3	6 9	2 3	0	4 7	24	48	62	5	38	7800	10	1	4	0 1	1 2	4 6	1 2	0 1	80000 120000	
2 3	3 4	0 0	2 3	2 3	3 4	0 1	1 2	3 4	0 1	0	8 13	27	41	94	5	3	9223	17	4	3	2 3	2 3	4 6	0 1	1 2	135196 202794	
3 4	0 1	2 3	4 7	4 6	0 1	4 6	3 4	2 3	0 1	0	2 3	50	100	200	10	30	19501	10	2	1	3 4	3 4	4 6	2 3	0 1	93837 140756	
0 1	2 3	0 1	4 7	4 7	0 1	1 2	0 0	4 7	0 1	1	14 21	21	47	79	5	1	7495	12	4	2	0 1	1 2	3 4	1 2	2 3	161246 241869	
3 4	2 3	2 3	2 3	8 12	1 2	1 2	0 1	3 4	3 4	1	16 24	24	40	68	4	39	8013	12	1	4	1 2	0 1	4 6	4 6	2 3	206054 309081	
3 4	0 0	1 2	6 9	7 10	5 8	0 0	2 3	4 6	3 4	1	20 30	49	100	196	9	19	19090	1	3	3	2 3	2 3	1 2	0 1	3 4	270765 406148	
0 0	0 1	0 1	6 9	6 9	5 8	2 3	0 0	1 2	4 6	1	22 33	39	77	142	8	44	14905	11	5	5	1 2	4 6	3 4	2 3	4 6	320000 480000	
3 4	0 1	3 4	4 7	3 4	3 4	4 6	0 1	5 8	1 2	1	16 25	2	18	12	2	40	1874	10	4	4	1 2	0 1	1 2	0 1	3 4	253212 379819	
0 1	2 3	1 2	7 10	7 10	4 7	3 4	2 3	5 8	3 4	0	9 14	3	2	10	0	45	1269	18	3	1	3 4	3 4	1 2	1 2	1 2	121133 181700	
0 1	0 0	1 2	5 8	5 8	4 6	4 6	0 1	3 4	2 3	0	10 15	30	78	147	7	26	13678	14	2	2	2 3	3 4	0 1	3 4	1 2	111900 167851	
3 4	0 0	2 3	1 2	6 9	0 1	1 2	1 2	3 4	1 2	1	14 21	45	86	178	9	24	18165	17	4	5	1 2	4 6	3 4	2 3	2 3	211913 317870	
2 3	0 0	0 0	8 12	2 3	6 9	2 3	1 2	4 7	3 4	1	23 34	0	9	33	2	25	1311	17	5	4	0 1	1 2	1 2	2 3	3 4	232868 349302	
0 0	3 4	1 2	4 7	2 3	5 8	2 3	3 4	1 2	1 2	1	20 31	27	56	123	7	35	12558	4	1	2	4 6	4 6	4 6	4 6	4 6	320000 480000	
1 2	1 2	0 1	2 3	3 4	2 3	0 1	1 2	4 7	0 1	1	18 27	50	90	196	9	2	19335	14	1	3	4 6	4 6	0 1	0 1	2 3	192988 289482	
0 0	1 2	3 4	4 6	6 9	2 3	2 3	2 3	4 7	4 6	1	23 34	26	67	98	5	18	11619	1	1	1	4 6	3 4	2 3	0 1	4 6	307307 460960	
2 3	0 1	3 4	4 7	6 9	4 7	3 4	2 3	2 3	2 3	1	19 28	0	5	16	1	4	1816	2	3	4	2 3	4 6	4 6	2 3	3 4	242420 363631	
2 3	2 3	0 1	7 10	5 8	3 4	1 2	1 2	4 7	3 4	1	14 21	50	100	195	9	36	19595	15	2	4	3 4	4 6	0 1	1 2	2 3	166260 249391	
3 4	0 0	2 3	3 4	6 9	4 7	3 4	0 1	1 2	4 6	1	23 34	20	32	63	4	49	8307	14	4	4	3 4	4 6	0 1	2 3	4 6	305601 458402	
1 2	3 4	2 3	2 3	8 12	1 2	0 0	3 4	2 3	3 4	0	8 13	50	95	196	8	1	18088	14	4	2	1 2	0 1	1 2	4 6	1 2	141132 211698	
0 0	1 2	3 4	0 1	3 4	6 9	0 1	1 2	3 4	4 6	1	14 21	24	57	103	5	15	11038	16	1	2	4 6	2 3	1 2	2 3	2 3	169313 253970	
0 1	0 1	0 0	3 4	8 12	4 7	2 3	0 0	4 6	1 2	0	8 13	39	79	148	7	21	15677	17	5	2	1 2	1 2	1 2	0 1	1 2	158546 237819	
1 2	2 3	2 3	8 12	4 6	7 10	1 2	3 4	1 2	2 3	1	23 34	19	28	55	3	40	5691	16	2	5	0 1	2 3	1 2	3 4	4 6	320000 480000	
0 1	2 3	0 1	5 8	1 2	7 10	4 6	0 0	4 7	1 2	0	7 10	41	78	162	7	18	15472	17	1	2	3 4	2 3	1 2	4 6	1 2	119065 178598	
3 4	3 4	3 4	0 1	1 2	0 1	0 0	3 4	4 6	0 1	0	12 18	48	100	190	10	39	19596	10	3	1	2 3	0 1	4 6	3 4	1 2	115342 173013	
2 3	0 0	0 1	1 2	3 4	0 1	0 1	0 1	0 1	2 3	1	21 32	44	83	148	8	45	15778	10	3	3	3 4	4 6	0 1	0 1	3 4	260615 390922	
3 4	0 0	0 0	0 1	5 8	7 10	0 1	2 3	1 2	4 6	1	16 25	7	23	65	2	11	4778	0	3	2	2 3	1 2	2 3	4 6	3 4	245726 368589	
0 1	2 3	3 4	5 8	1 2	4 6	3 4	0 1	4 6	2 3	0	3 4	11	38	39	3	29	5675	15	5	5	2 3	0 1	4 6	2 3	0 1	80000 120000	
1 2	2 3	1 2	0 1	4 7	4 7	4 6	3 4	6 9	4 6	0	9 14	41	83	174	8	46	15780	20	4	2	0 1	0 1	2 3	1 2	1 2	96384 144577	
2 3	0 1	1 2	5 8	4 6	5 8	3 4	0 0	0 1	0 1	1	12 18	4	2	10	0	30	1306	20	5	3	1 2	0 1	3 4	4 6	2 3	194102 291153	
0 0	3 4	0 1	1 2	4 7	7 10	2 3	3 4	4 6	2 3	1	10 15	8	11	35	2	42	3675	0	3	4	1 2	1 2	2 3	3 4	2 3	168544 252817	
2 3	3 4	0 1	7 10	2 3	5 8	0 0	0 0	3 4	0 1	0	0 1	50	100	200	10	19	19728	15	1	3	0 1	3 4	1 2	2 3	0 1	80000 120000	
0 1	3 4	0 1	2 3	4 6	8 12	0 0	3 4	1 2	2 3	0	8 12	21	35	73	3	47	7367	5	3	5	3 4	0 1	0 1	0 1	1 2	127349 191024	
1 2	2 3	1 2	3 4	5 8	3 4	1 2	2 3	2 3	2 3	0	5 8	24	61	103	5	47	10394	8	5	1	1 2	4 6	3 4	3 4	0 1	80000 120000	
1 2	0 0	3 4	4 7	1 2	4 7	2 3	0 0	4 6	3 4	1	14 21	42	78	167	7	33	15322	13	1	2	2 3	2 3	0 1	2 3	2 3	185506 278259	
1 2	1 2	0 0	4 6	7 10	0 1	4 6	0 0	4 6	2 3	0	6 9	23	40	70	5	13	8079	8	4	3	3 4	3 4	0 1	4 6	1 2	105101 157652	
1 2	3 4	0 0	7 10	2 3	5 8	0 1	3 4	1 2	0 1	1	13 20	0	2	19	0	34	304	1	5	2	0 1	4 6	3 4	0 1	2 3	220108 330163	
1 2	1 2	0 0	7 10	3 4	0 1	0 0	0 1	2 3	3 4	0	12 19	5	22	48	2	46	3762	7	5	5	2 3	4 6	1 2	0 1	1 2	132437 198656	
2 3	0 0	0 1	3 4	1 2	1 2	0 0	3 4	0 1	0 1	0	13 20	45	100	192	10	26	19488	19	1	1	0 1	3 4	4 6	4 6	1 2	155947 233920	
2 3	3 4	0 0	5 8	7 10	8 12	2 3	0 1	5 8	2 3	1	17 26	6	13	14	0	9	2852	2	2	5	4 6	2 3	4 6	0 1	2 3	167444 251167	
0 0	1 2	0 1	1 2	2 3	7 10	4 6	0 0	4 7	1 2	0	8 12	13	32	52	3	46	5319	5	1	5	4 6	0 1	0 1	1 2	0 1	80000 120000	
0 1	2 3	1 2	8 12	6 9	4 6	1 2	0 1	2 3	4 6	0	7 10	39	69	148	7	15	14935	13	1	1	1 2	1 2	2 3	2 3	0 1	80000 120000	
2 3	3 4	0 0	8 12	6 9	4 6	3 4	1 2	3 4	1 2	1	10 15	3	2	10	1	11	582	4	2	3	2 3	2 3	3 4	3 4	2 3	186556 279834	
1 2	0 1	0 1	1 2	1 2	1 2	4 6	0 0	0 1	1 2	1	20 30	44	96	172	10	35	18139	2	5	5	4 6	4 6	1 2	1 2	3 4	253748 380622	
3 4	0 1	0 0	7 10	2 3	7 10	2 3	2 3	3 4	0 1	0	8 13	5	3	10	1	42	358	18	3	4	4 6	4 6	2 3	3 4	1 2	150334 225501	
2 3	3 4	3 4	4 7	2 3	8 12	0 1	2 3	2 3	1 2	0	4 6	6	5	20	0	48	1786	18	2	4	0 1	0 1	3 4	4 6	0 1	80000 120000	
1 2	1 2	2 3	3 4	4 7	2 3	4 6	1 2	0 1	2 3	0	11 16	44	94	173	10	32	18188	17	5	5	2 3	4 6	0 1	3 4	1 2	114107 171160	
1 2	2 3	0 1	0 1	4 6	8 12	0 0	0 0	1 2	1 2	0	4 7	17	26	61	3	4	6705	7	5	5	2 3	0 1	4 6	2 3	0 1	85728 128592	
3 4	3 4	3 4	0 1	1 2	0 1	4 6	0 1	0 1	4 6	1	20 30	22	50	110	5	21	9413	17	5	2	0 1	2 3	2 3	3 4	4 6	300371 450556	
0 1	3 4	1 2	2 3	2 3	1 2	2 3	1 2	0 1	0 1	0	9 14	46	90	185	10	23	19810	18	4	5	2 3	2 3	0 1	0 1	1 2	133683 200524	
0 1	0 0	0 1	4 6	3 4	7 10	1 2	2 3	1 2	2 3	0	5 8	33	76	138	8	16	14188	3	1	5	4 6	3 4	4 6	0 1	1 2	144356 216534	
1 2	2 3	2 3	4 7	3 4	1 2	2 3	3 4	6 9	3 4	0	9 14	5	18	38	1	28	3508	12	1	4	1 2	1 2	0 1	3 4	1 2	115951 173926	
0 0	0 0	1 2	3 4	7 10	3 4	0 1	1 2	0 1	1 2	0	2 3	41	90	200	9	25	18158	4	3	2	1 2	2 3	3 4	4 6	0 1	80000 120000	
3 4	0 0	2 3	2 3	5 8	3 4	0 0	0 1	2 3	0 1	0	6 9	42	78	151	8	22	15439	6	2	1	2 3	4 6	3 4	4 6	0 1	80000 120000	
2 3	2 3	0 1	8 12	3 4	4 7	0 0	0 1	3 4	4 6	0	6 9	13	28	60	2	25	5255	8	1	1	4 6	4 6	4 6	1 2	0 1	80000 120000	
1 2	2 3	1 2	6 9	8 12	0 1	3 4	0 1	3 4	0 1	0	1 2	15	23	36	3	37	4977	10	5	4	2 3	2 3	1 2	4 6	0 1	80000 120000	
1 2	0 1	3 4	7 10	2 3	8 12	0 1	3 4	2 3	3 4	1	18 27	11	31	47	2	8	5877	1	2	1	0 1	2 3	1 2	0 1	3 4	255316 382975	
0 0	3 4	0 1	3 4	3 4	7 10	2 3	0 0	0 1	1 2	0	10 15	44	93	200	9	1	19326	19	1	4	4 6	4 6	1 2	0 1	1 2	129814 194721	
0 1	3 4	0 1	2 3	4 7	6 9	4 6	0 0	3 4	3 4	0	0 1	7	24	42	3	47	3949	20	3	2	1 2	0 1	0 1	2 3	0 1	80000 120000	
2 3	2 3	0 1	0 1	6 9	5 8	3 4	1 2	4 7	3 4	0	8 12	12	31	44	2	49	5798	9	5	1	0 1	2 3	4 6	0 1	1 2	118466 177699	
2 3	2 3	3 4	3 4	3 4	2 3	2 3	0 0	3 4	2 3	1	20 30	10	26	31	2	47	4922	6	3	1	3 4	0 1	1 2	1 2	3 4	259950 389925	
0 0	2 3	3 4	3 4	4 7	1 2	1 2	1 2	6 9	4 6	0	1 2	0	2	10	1	25	608	9	3	3	4 6	4 6	0 1	4 6	0 1	80000 120000	
3 4	0 1	0 0	3 4	4 6	1 2	1 2	3 4	1 2	4 6	1	17 26	34	81	164	8	19	14771	10	2	5	2 3	1 2	0 1	3 4	2 3	210239 315358	
0 0	0 0	3 4	8 12	7 10	6 9	2 3	0 1	3 4	1 2	0	6 9	21	56	84	6	8	10197	0	2	3	1 2	3 4	3 4	2 3	1 2	120479 180718	
3 4	2 3	1 2	3 4	4 6	5 8	4 6	2 3	3 4	4 6	1	12 18	44	93	166	9	13	18142	4	2	5	1 2	3 4	1 2	2 3	2 3	183059 274588	
2 3	0 0	3 4	4 6	4 7	2 3	4 6	0 0	1 2	0 1	1	19 28	21	52	99	4	14	9285	13	4	3	1 2	4 6	4 6	3 4	3 4	232969 349454	
2 3	0 0	2 3	6 9	2 3	0 1	4 6	1 2	5 8	2 3	1	12 18	2	5	10	0	44	389	2	5	4	0 1	0 1	4 6	2 3	2 3	166852 250278	
0 1	2 3	0 1	0 1	6 9	1 2	2 3	0 1	4 7	0 1	1	17 26	43	92	165	8	9	18364	17	5	5	2 3	3 4	2 3	0 1	3 4	250845 376268	
0 1	0 0	0 0	2 3	7 10	4 6	0 1	2 3	3 4	4 6	0	5 8	31	53	125	6	22	10714	11	3	5	0 1	3 4	3 4	2 3	0 1	80000 120000	
0 1	0 1	2 3	1 2	7 10	3 4	0 0	0 1	3 4	3 4	0	11 16	23	50	101	5	41	10508	1	1	2	0 1	0 1	1 2	3 4	1 2	135676 203515	
1 2	1 2	0 1	4 6	8 12	8 12	2 3	3 4	5 8	1 2	0	5 8	43	80	170	9	16	16632	12	3	4	2 3	3 4	2 3	2 3	0 1	80000 120000	
3 4	3 4	1 2	4 7	4 6	6 9	0 0	0 1	4 6	3 4	0	4 6	24	41	118	6	36	10145	8	3	5	2 3	2 3	4 6	0 1	0 1	80000 120000	
0 1	0 0	3 4	3 4	6 9	1 2	3 4	2 3	1 2	4 6	1	11 16	16	41	63	2	41	6375	17	1	4	2 3	4 6	4 6	3 4	2 3	196420 294630	
1 2	0 1	0 0	5 8	7 10	4 7	2 3	1 2	6 9	4 6	1	17 26	24	47	97	4	44	8011	2	3	5	2 3	2 3	4 6	0 1	2 3	212826 319239	
1 2	2 3	1 2	6 9	7 10	1 2	3 4	1 2	2 3	0 1	1	17 26	11	18	51	1	48	3286	13	5	3	3 4	0 1	0 1	1 2	2 3	165309 247964	
2 3	3 4	0 1	3 4	3 4	4 6	3 4	3 4	0 1	4 6	1	18 27	3	8	10	0	14	400	20	1	3	1 2	2 3	2 3	1 2	3 4	226918 340377	
1 2	0 0	2 3	5 8	4 6	4 6	1 2	3 4	0 1	1 2	0	8 12	16	27	85	4	31	7056	2	2	1	1 2	0 1	1 2	3 4	1 2	104361 156542	
3 4	1 2	1 2	2 3	8 12	4 7	0 0	0 0	6 9	2 3	1	14 21	9	26	37	1	27	4189	19	1	4	2 3	3 4	3 4	3 4	2 3	220738 331107	
2 3	0 0	2 3	1 2	6 9	1 2	0 0	1 2	3 4	0 1	0	2 3	10	17	46	3	8	3603	14	4	1	0 1	1 2	0 1	2 3	0 1	80000 120000	
3 4	0 1	2 3	1 2	8 12	2 3	0 0	3 4	2 3	1 2	0	2 3	42	76	190	8	36	17043	13	2	4	0 1	4 6	1 2	2 3	0 1	80000 120000	
0 1	0 0	2 3	0 1	7 10	4 7	3 4	0 1	5 8	1 2	1	21 32	10	25	40	1	11	3738	1	4	4	0 1	0 1	2 3	1 2	3 4	267983 401974	
0 0	0 0	0 0	0 1	3 4	4 7	0 1	1 2	4 6	3 4	1	15 22	11	18	11	1	43	2523	2	4	3	2 3	1 2	0 1	4 6	2 3	173980 260971	
0 0	1 2	0 1	7 10	5 8	3 4	3 4	1 2	5 8	0 1	0	8 12	7	2	10	0	29	773	15	4	1	4 6	4 6	1 2	1 2	0 1	80000 120000	
3 4	1 2	0 0	4 6	4 7	8 12	2 3	2 3	3 4	4 6	1	15 22	5	2	10	1	3	897	3	5	1	2 3	1 2	3 4	3 4	2 3	173130 259695	
3 4	0 0	2 3	7 10	2 3	7 10	0 0	1 2	3 4	2 3	0	11 16	10	14	60	2	45	4351	14	5	2	0 1	0 1	1 2	3 4	1 2	148304 222457	
1 2	0 0	0 0	0 1	1 2	7 10	0 0	3 4	5 8	3 4	1	16 25	37	90	149	9	5	16424	20	3	3	2 3	3 4	0 1	0 1	2 3	167058 250587	
0 0	0 1	3 4	6 9	4 7	4 6	0 0	0 0	6 9	4 6	0	1 2	48	100	199	9	35	19527	19	3	2	0 1	3 4	1 2	3 4	0 1	81121 121682	
3 4	3 4	1 2	2 3	4 7	4 6	1 2	0 1	6 9	3 4	1	12 19	39	90	164	9	42	16310	13	3	4	1 2	4 6	3 4	2 3	2 3	215679 323518	
0 0	0 0	0 1	4 7	6 9	0 1	1 2	0 0	4 7	0 1	0	11 16	36	57	132	6	29	13209	8	5	2	0 1	3 4	0 1	1 2	1 2	138478 207717	
0 1	0 1	1 2	7 10	7 10	2 3	2 3	3 4	0 1	2 3	0	9 14	3	2	23	0	49	622	12	4	1	0 1	4 6	2 3	4 6	1 2	130253 195380	
2 3	0 0	3 4	2 3	3 4	8 12	4 6	0 0	4 6	1 2	0	12 19	10	24	47	1	47	4254	1	1	3	3 4	2 3	3 4	4 6	1 2	117844 176766	
3 4	1 2	2 3	4 7	3 4	4 7	2 3	1 2	2 3	4 6	1	12 19	16	41	50	4	44	6836	6	1	2	3 4	2 3	3 4	2 3	2 3	176389 264584	
0 1	0 1	3 4	7 10	4 7	6 9	3 4	0 1	2 3	0 1	0	3 4	19	40	78	3	26	6088	5	2	3	2 3	2 3	1 2	4 6	0 1	82896 124344	
3 4	1 2	3 4	2 3	5 8	6 9	0 1	0 1	6 9	1 2	0	8 13	36	66	114	7	19	12788	12	5	2	4 6	3 4	1 2	1 2	1 2	157258 235887	
3 4	0 0	0 0	4 6	5 8	0 1	0 1	0 0	5 8	3 4	1	11 16	4	2	10	2	48	1314	2	1	5	2 3	0 1	4 6	3 4	2 3	169274 253911	
0 1	0 0	1 2	5 8	4 7	0 1	0 0	0 1	2 3	2 3	0	4 6	14	36	42	3	45	5798	4	2	3	3 4	2 3	4 6	3 4	0 1	80000 120000	
0 0	0 0	0 0	1 2	4 7	2 3	0 0	0 0	5 8	3 4	0	6 9	27	53	92	5	9	9817	20	4	2	3 4	2 3	2 3	4 6	1 2	129088 193632	
2 3	1 2	0 1	0 1	2 3	2 3	0 0	0 1	2 3	2 3	0	3 4	10	20	68	2	6	5907	7	3	1	0 1	4 6	4 6	0 1	0 1	80000 120000	
1 2	2 3	3 4	4 7	8 12	3 4	1 2	1 2	3 4	4 6	0	4 7	24	49	99	4	24	8897	0	4	2	0 1	1 2	0 1	1 2	0 1	81471 122206	
0 1	0 0	0 0	8 12	6 9	6 9	2 3	1 2	3 4	3 4	1	17 26	11	24	54	4	16	5350	16	4	2	1 2	3 4	2 3	3 4	3 4	228588 342883	
3 4	0 0	2 3	3 4	8 12	4 7	4 6	0 0	0 1	3 4	0	2 3	11	25	48	2	26	4789	11	3	2	3 4	2 3	1 2	0 1	0 1	80000 120000	
0 1	0 0	1 2	6 9	2 3	0 1	3 4	1 2	6 9	0 1	1	18 27	20	38	77	5	43	7977	0	5	5	2 3	4 6	3 4	4 6	3 4	282251 423376	
0 0	1 2	0 1	0 1	5 8	4 7	4 6	3 4	2 3	3 4	0	6 9	11	19	32	2	16	2992	11	2	5	2 3	1 2	4 6	4 6	0 1	80000 120000	
0 1	0 1	2 3	0 1	3 4	2 3	2 3	2 3	4 6	0 1	1	16 24	38	72	160	7	31	15319	9	5	2	3 4	3 4	4 6	2 3	2 3	176711 265066	
0 0	0 1	0 1	0 1	6 9	4 7	0 1	1 2	5 8	1 2	1	24 36	9	12	21	1	1	3024	17	4	2	1 2	3 4	2 3	3 4	4 6	315440 473160	
3 4	0 0	3 4	6 9	1 2	1 2	0 0	3 4	1 2	3 4	0	11 16	44	87	179	10	9	18704	1	1	2	0 1	0 1	0 1	0 1	1 2	137514 206271	
1 2	0 1	2 3	6 9	3 4	8 12	0 0	0 0	3 4	2 3	1	23 34	27	45	110	5	17	10376	3	5	3	1 2	3 4	0 1	4 6	3 4	231141 346712	
3 4	0 1	1 2	1 2	5 8	3 4	1 2	1 2	4 7	2 3	1	20 31	10	39	49	2	32	6046	13	1	5	2 3	4 6	2 3	1 2	3 4	254502 381753	
0 1	3 4	2 3	7 10	1 2	3 4	2 3	2 3	5 8	1 2	0	4 6	14	23	75	2	29	5971	13	3	3	2 3	4 6	3 4	1 2	0 1	80000 120000	
0 0	0 1	2 3	1 2	4 7	2 3	0 1	0 0	5 8	3 4	1	16 25	33	74	126	6	12	13323	8	3	2	1 2	3 4	3 4	2 3	3 4	260391 390586	
1 2	0 1	0 1	4 6	8 12	3 4	2 3	0 0	4 6	3 4	1	20 31	10	10	44	2	18	3058	0	4	2	0 1	4 6	0 1	4 6	3 4	247096 370644	
0 0	0 1	0 1	6 9	4 7	3 4	0 0	3 4	0 1	0 1	1	24 36	11	29	27	2	18	3841	13	5	3	3 4	4 6	2 3	0 1	4 6	320000 480000	
0 1	2 3	0 0	6 9	6 9	4 7	4 6	3 4	0 1	4 6	0	4 7	25	62	135	7	36	11649	18	2	4	2 3	4 6	4 6	3 4	0 1	80000 120000	
3 4	0 0	1 2	4 7	5 8	4 7	2 3	1 2	5 8	2 3	0	1 2	14	35	76	4	8	5877	10	2	4	4 6	4 6	3 4	2 3	0 1	94792 142189	
1 2	0 0	0 1	0 1	1 2	6 9	3 4	3 4	4 7	2 3	0	4 7	46	97	179	9	2	19456	15	3	5	3 4	3 4	2 3	4 6	0 1	80000 120000	
3 4	1 2	0 1	7 10	6 9	4 7	1 2	3 4	0 1	2 3	1	15 22	13	26	58	2	21	5822	11	5	4	3 4	0 1	1 2	4 6	2 3	209028 313542	
1 2	0 1	3 4	1 2	1 2	2 3	3 4	3 4	3 4	1 2	0	8 12	43	80	173	7	22	16217	19	1	4	4 6	0 1	2 3	2 3	1 2	109924 164887	
0 0	2 3	0 1	4 7	4 7	4 7	0 0	2 3	5 8	4 6	0	6 9	14	27	54	3	27	4883	14	3	1	0 1	0 1	2 3	4 6	0 1	80000 120000	
0 0	3 4	0 1	3 4	5 8	0 1	2 3	1 2	1 2	1 2	0	8 13	50	96	190	9	38	19561	14	2	4	2 3	4 6	4 6	3 4	1 2	134610 201915	
0 0	0 1	1 2	7 10	6 9	5 8	0 1	3 4	4 7	4 6	1	16 24	15	25	46	2	42	4823	1	2	4	3 4	1 2	2 3	3 4	2 3	201959 302938	
1 2	3 4	1 2	8 12	1 2	7 10	3 4	0 0	1 2	2 3	0	6 9	40	76	170	8	30	16210	16	5	5	2 3	4 6	1 2	0 1	1 2	102526 153789	
2 3	3 4	0 0	1 2	4 6	5 8	0 1	1 2	1 2	2 3	0	3 4	40	77	173	9	48	17352	9	1	1	0 1	2 3	3 4	1 2	0 1	80000 120000	
1 2	3 4	0 1	1 2	5 8	1 2	0 0	2 3	0 1	0 1	1	20 30	44	74	144	9	4	15755	7	2	1	3 4	4 6	1 2	2 3	3 4	249556 374335	
0 1	1 2	2 3	3 4	4 7	4 7	0 1	3 4	1 2	2 3	0	12 18	0	14	22	0	36	912	10	3	5	3 4	4 6	3 4	4 6	1 2	127716 191575	
0 0	1 2	1 2	6 9	4 7	8 12	0 1	2 3	2 3	2 3	0	1 2	5	2	28	0	40	1122	14	1	4	1 2	4 6	2 3	2 3	0 1	80000 120000	
2 3	0 0	2 3	0 1	8 12	7 10	0 1	3 4	4 6	0 1	0	10 15	36	83	170	7	38	16244	14	5	4	1 2	1 2	0 1	2 3	1 2	118616 177924	
3 4	2 3	1 2	4 6	4 7	8 12	1 2	0 1	6 9	2 3	0	11 16	38	76	160	8	43	16859	14	2	1	0 1	4 6	4 6	0 1	1 2	106096 159145	
0 0	0 1	2 3	5 8	6 9	6 9	4 6	1 2	6 9	1 2	0	10 15	41	86	178	9	21	16679	12	4	3	4 6	3 4	2 3	0 1	1 2	131869 197804	
0 0	2 3	0 0	2 3	4 6	5 8	3 4	1 2	0 1	4 6	0	4 7	49	94	183	9	36	18398	17	4	2	4 6	1 2	1 2	2 3	0 1	80000 120000	
1 2	3 4	0 1	6 9	1 2	7 10	0 0	3 4	3 4	0 1	1	11 16	25	54	99	4	25	8971	2	4	3	0 1	2 3	4 6	2 3	2 3	206628 309942	
0 1	0 1	1 2	1 2	2 3	4 6	0 1	1 2	0 1	1 2	1	12 18	45	100	200	10	14	19849	14	4	5	4 6	2 3	1 2	4 6	2 3	218547 327820	
0 0	3 4	0 1	4 6	2 3	7 10	0 1	3 4	1 2	1 2	0	8 12	46	91	200	8	45	18407	2	2	1	1 2	0 1	1 2	0 1	1 2	142168 213252	
0 1	2 3	3 4	4 7	2 3	0 1	4 6	1 2	3 4	4 6	0	12 18	22	40	95	4	48	7985	4	2	5	1 2	2 3	0 1	3 4	1 2	116062 174093	
0 1	2 3	0 1	7 10	3 4	4 6	0 0	0 0	4 6	2 3	1	11 16	50	92	193	9	43	19543	3	3	4	1 2	3 4	0 1	0 1	2 3	176936 265405	
0 0	1 2	3 4	2 3	7 10	4 7	2 3	0 0	4 7	4 6	0	1 2	37	82	177	7	49	15748	2	1	5	1 2	2 3	0 1	4 6	0 1	80000 120000	
0 1	2 3	3 4	5 8	3 4	4 7	0 1	0 0	3 4	3 4	1	17 26	27	44	106	5	45	9064	5	3	2	0 1	2 3	0 1	2 3	3 4	247030 370545	
0 0	3 4	3 4	7 10	4 6	2 3	0 0	1 2	4 7	0 1	0	4 7	26	42	79	4	46	8760	9	4	2	4 6	0 1	2 3	4 6	0 1	80000 120000	
0 1	0 1	0 0	2 3	7 10	1 2	0 1	0 0	0 1	2 3	0	1 2	48	88	166	9	40	17343	20	5	2	3 4	1 2	3 4	2 3	0 1	80000 120000	
0 1	1 2	3 4	7 10	8 12	4 7	3 4	3 4	4 6	2 3	0	10 15	47	94	171	9	35	18842	20	4	5	3 4	2 3	3 4	1 2	1 2	155008 232512	
1 2	3 4	0 0	5 8	7 10	4 7	3 4	3 4	4 6	3 4	1	17 26	7	18	20	3	10	3808	4	3	1	4 6	2 3	3 4	3 4	3 4	248033 372050	
2 3	0 1	3 4	6 9	4 6	5 8	3 4	1 2	4 6	1 2	0	11 16	35	66	131	6	8	12706	9	5	4	2 3	0 1	1 2	2 3	1 2	151859 227788	
2 3	1 2	1 2	4 7	7 10	6 9	3 4	0 0	6 9	3 4	1	23 34	20	39	107	4	10	9584	15	1	4	1 2	0 1	0 1	0 1	3 4	226732 340098	
0 0	0 0	3 4	5 8	1 2	7 10	1 2	0 1	5 8	0 1	1	12 18	43	69	174	7	6	15534	17	2	3	0 1	1 2	2 3	1 2	2 3	222668 334003	
0 0	2 3	1 2	8 12	4 7	1 2	0 0	0 0	4 6	1 2	1	16 24	1	6	38	0	11	1869	11	2	2	1 2	2 3	0 1	2 3	2 3	172812 259219	
1 2	3 4	0 0	6 9	8 12	4 6	4 6	3 4	3 4	2 3	0	9 14	21	35	74	4	11	7347	20	5	3	3 4	3 4	0 1	3 4	1 2	124938 187407	
1 2	3 4	0 0	4 6	4 6	0 1	4 6	3 4	4 6	1 2	0	7 10	12	22	55	3	1	6186	12	3	2	1 2	4 6	0 1	1 2	0 1	80000 120000	
1 2	2 3	0 1	4 6	4 6	0 1	0 0	0 0	1 2	2 3	1	21 32	29	68	125	6	14	12484	13	1	3	0 1	4 6	0 1	4 6	3 4	224452 336678	
1 2	2 3	0 1	7 10	4 7	5 8	0 1	0 0	6 9	1 2	1	12 19	37	88	164	9	42	16114	6	3	2	3 4	2 3	1 2	1 2	2 3	172811 259216	
0 0	0 1	0 0	4 7	1 2	8 12	0 1	0 1	2 3	3 4	0	8 13	25	51	132	6	36	11634	13	1	3	3 4	2 3	1 2	2 3	1 2	97032 145549	
0 0	2 3	2 3	3 4	2 3	4 7	3 4	0 0	4 7	4 6	1	18 27	33	58	128	5	25	11212	12	3	2	1 2	3 4	1 2	0 1	3 4	232069 348104	
3 4	0 0	3 4	1 2	4 6	3 4	4 6	0 0	3 4	4 6	0	1 2	11	9	36	1	8	2807	19	5	5	3 4	2 3	0 1	0 1	0 1	80000 120000	
3 4	1 2	2 3	4 6	5 8	2 3	2 3	1 2	6 9	2 3	0	7 10	50	89	200	10	40	19658	1	4	5	0 1	0 1	1 2	1 2	0 1	94391 141586	
2 3	0 0	3 4	1 2	4 7	4 7	4 6	0 0	2 3	1 2	0	10 15	23	42	76	5	30	9410	12	4	4	1 2	1 2	3 4	3 4	1 2	140315 210472	
0 1	1 2	3 4	0 1	2 3	0 1	3 4	0 1	5 8	0 1	0	9 14	32	61	99	6	40	10846	7	4	4	0 1	1 2	4 6	0 1	1 2	148922 223383	
1 2	0 0	3 4	6 9	8 12	1 2	0 0	1 2	3 4	0 1	0	8 12	18	28	59	3	6	6796	3	5	2	0 1	0 1	2 3	2 3	1 2	128496 192744	
3 4	1 2	0 1	2 3	7 10	0 1	4 6	0 1	6 9	3 4	0	7 10	21	47	94	4	24	8433	5	5	3	2 3	1 2	4 6	0 1	1 2	124920 187381	
0 0	0 1	2 3	8 12	2 3	6 9	1 2	2 3	2 3	4 6	0	4 7	45	97	171	9	15	18613	10	1	5	4 6	1 2	2 3	1 2	0 1	80000 120000	
3 4	0 1	1 2	7 10	3 4	8 12	2 3	1 2	3 4	0 1	1	15 22	27	45	111	5	35	10101	3	4	2	4 6	4 6	0 1	1 2	3 4	275786 413679	
1 2	0 1	1 2	5 8	2 3	3 4	0 0	0 0	6 9	4 6	0	2 3	15	22	48	3	22	4794	13	2	4	1 2	0 1	1 2	3 4	0 1	80000 120000	
3 4	0 0	3 4	1 2	4 6	4 7	0 1	3 4	2 3	3 4	0	5 8	19	49	100	4	41	8888	15	3	2	3 4	4 6	2 3	1 2	1 2	126795 190192	
2 3	0 0	2 3	0 1	2 3	5 8	0 0	2 3	4 6	1 2	1	16 25	7	12	25	2	40	3102	10	5	1	1 2	0 1	0 1	1 2	2 3	193384 290077	
0 1	1 2	2 3	7 10	8 12	5 8	1 2	0 1	2 3	2 3	0	4 7	3	17	35	1	16	3026	11	5	5	0 1	1 2	3 4	4 6	0 1	80000 120000	
0 1	0 1	0 1	7 10	8 12	5 8	1 2	1 2	2 3	2 3	0	10 15	15	33	41	2	13	6039	13	1	3	0 1	3 4	1 2	4 6	1 2	149204 223807	
0 0	1 2	0 1	7 10	7 10	5 8	2 3	1 2	0 1	3 4	0	0 1	33	47	132	5	5	11300	6	1	3	0 1	1 2	0 1	2 3	0 1	80000 120000	
0 1	0 0	3 4	7 10	4 7	0 1	2 3	0 1	5 8	2 3	1	15 22	28	58	133	5	2	12217	12	4	3	1 2	2 3	4 6	2 3	2 3	197864 296796	
1 2	2 3	1 2	3 4	7 10	4 7	0 0	1 2	2 3	1 2	0	7 10	15	27	52	3	38	5049	19	3	5	0 1	2 3	2 3	3 4	1 2	113571 170356	
1 2	0 1	0 0	1 2	6 9	3 4	3 4	2 3	4 6	1 2	1	22 33	10	15	14	1	31	3364	12	4	5	2 3	3 4	0 1	0 1	4 6	320000 480000	
0 0	1 2	1 2	5 8	2 3	8 12	4 6	3 4	3 4	3 4	1	13 20	37	69	122	7	19	12918	6	1	2	0 1	2 3	2 3	0 1	2 3	216616 324924	
0 0	2 3	0 1	3 4	8 12	5 8	2 3	3 4	4 6	2 3	1	16 25	5	18	22	1	37	1840	12	3	3	2 3	3 4	3 4	3 4	3 4	268374 402561	
1 2	0 0	3 4	4 7	8 12	4 6	3 4	1 2	6 9	3 4	0	4 6	35	85	155	8	19	15776	20	2	4	4 6	2 3	2 3	0 1	0 1	80000 120000	
2 3	2 3	0 1	4 7	6 9	6 9	2 3	2 3	0 1	0 1	0	11 16	21	53	90	4	14	9535	1	2	5	2 3	4 6	3 4	1 2	1 2	127301 190952	
3 4	2 3	1 2	7 10	8 12	1 2	0 1	1 2	2 3	2 3	0	1 2	12	41	78	4	5	6687	8	1	3	3 4	3 4	1 2	0 1	0 1	80833 121250	
0 1	0 0	0 0	4 6	1 2	2 3	0 1	2 3	4 7	3 4	0	6 9	10	32	46	2	35	5402	2	3	1	2 3	1 2	4 6	4 6	0 1	92960 139440	
2 3	0 0	0 0	7 10	7 10	4 7	0 0	0 0	4 7	2 3	0	11 16	11	13	22	0	23	2403	14	4	4	3 4	4 6	1 2	1 2	1 2	159884 239826	
2 3	0 1	0 1	3 4	1 2	0 1	4 6	0 0	4 6	2 3	0	0 1	44	78	176	7	36	15942	11	1	3	4 6	3 4	2 3	2 3	0 1	81193 121790	
1 2	0 1	3 4	6 9	7 10	1 2	0 0	2 3	0 1	4 6	0	1 2	37	73	122	7	24	13991	3	3	2	1 2	2 3	3 4	4 6	0 1	80000 120000	
2 3	1 2	2 3	2 3	2 3	2 3	3 4	3 4	5 8	2 3	1	12 18	36	89	166	8	2	16342	0	5	1	2 3	2 3	1 2	4 6	2 3	185872 278808	
1 2	0 1	0 0	4 6	4 6	0 1	3 4	0 0	6 9	4 6	0	5 8	14	30	53	4	43	6416	16	5	2	2 3	0 1	0 1	0 1	1 2	147128 220693	
0 1	3 4	3 4	1 2	2 3	1 2	1 2	1 2	0 1	0 1	0	6 9	5	11	22	0	15	685	4	4	3	4 6	4 6	2 3	0 1	0 1	80000 120000	
0 0	1 2	1 2	1 2	1 2	4 7	2 3	0 1	4 7	4 6	0	4 6	43	94	181	10	18	17804	18	3	1	2 3	4 6	4 6	3 4	0 1	80000 120000	
3 4	3 4	0 1	1 2	3 4	2 3	0 1	2 3	2 3	4 6	0	1 2	38	82	154	8	49	16390	11	4	4	0 1	1 2	2 3	2 3	0 1	81131 121696	
0 0	0 0	0 0	7 10	8 12	8 12	2 3	0 1	3 4	0 1	1	15 22	13	37	84	3	5	6449	2	4	3	1 2	0 1	2 3	3 4	3 4	249565 374348	
0 1	0 1	3 4	4 6	5 8	6 9	0 1	3 4	3 4	4 6	1	13 20	37	60	133	7	33	13770	8	1	3	2 3	0 1	1 2	2 3	2 3	183525 275288	
0 0	0 0	0 0	6 9	7 10	8 12	0 1	0 1	0 1	4 6	1	16 25	48	78	189	9	45	17399	10	3	2	3 4	3 4	0 1	1 2	3 4	271266 406899	
2 3	0 1	3 4	8 12	2 3	4 6	0 0	1 2	6 9	1 2	1	14 21	1	8	30	2	20	2381	16	2	2	0 1	3 4	4 6	2 3	2 3	210008 315013	
1 2	3 4	0 1	3 4	5 8	4 6	1 2	0 1	3 4	0 1	1	20 31	19	36	71	4	25	8237	20	5	5	2 3	2 3	1 2	2 3	3 4	280296 420445	
2 3	0 0	3 4	2 3	7 10	4 6	4 6	1 2	3 4	0 1	0	5 8	38	91	148	7	11	16186	4	2	1	1 2	4 6	3 4	4 6	0 1	80000 120000	
0 1	3 4	0 1	8 12	3 4	4 7	1 2	0 1	2 3	1 2	0	8 12	21	37	72	5	18	8005	14	3	3	1 2	4 6	1 2	1 2	1 2	158198 237297	
3 4	1 2	0 1	5 8	8 12	2 3	3 4	3 4	2 3	1 2	0	8 12	19	42	88	5	23	7668	0	3	4	1 2	0 1	0 1	0 1	1 2	133289 199934	
0 0	0 1	0 0	4 7	7 10	0 1	0 0	3 4	3 4	1 2	0	3 4	39	72	158	7	13	14067	20	2	4	4 6	0 1	1 2	3 4	0 1	84572 126858	
1 2	0 1	3 4	0 1	3 4	2 3	0 1	2 3	2 3	2 3	1	19 28	9	8	10	2	27	1590	0	3	3	1 2	2 3	4 6	2 3	3 4	262420 393631	
0 0	3 4	1 2	7 10	2 3	7 10	0 0	0 1	5 8	0 1	1	17 26	39	83	143	7	33	15301	10	4	2	1 2	4 6	2 3	3 4	2 3	177799 266698	
3 4	0 1	3 4	0 1	2 3	0 1	3 4	3 4	5 8	2 3	1	12 19	36	74	147	8	49	14223	17	1	3	2 3	0 1	0 1	2 3	2 3	206129 309194	
1 2	3 4	2 3	4 7	5 8	6 9	4 6	0 1	1 2	0 1	0	8 12	17	43	104	5	38	8450	7	4	3	3 4	0 1	1 2	4 6	0 1	80580 120870	
0 1	1 2	3 4	5 8	7 10	7 10	3 4	3 4	4 7	1 2	0	4 6	7	6	13	2	3	2371	1	4	1	1 2	0 1	1 2	3 4	0 1	80000 120000	
3 4	2 3	2 3	7 10	5 8	6 9	0 1	0 1	3 4	3 4	1	14 21	6	2	23	1	9	1851	18	3	2	1 2	2 3	4 6	0 1	2 3	180578 270867	
1 2	3 4	0 0	4 7	7 10	8 12	0 0	3 4	1 2	1 2	1	16 25	42	81	186	10	14	17657	14	3	3	3 4	0 1	0 1	0 1	2 3	174459 261688	
0 1	0 0	3 4	6 9	1 2	4 7	0 1	0 1	6 9	3 4	0	7 10	10	24	38	1	19	2888	5	4	5	3 4	4 6	2 3	2 3	1 2	114285 171428	
0 1	3 4	3 4	2 3	3 4	2 3	2 3	2 3	3 4	4 6	1	16 25	22	37	80	3	10	7377	12	4	1	0 1	2 3	2 3	2 3	2 3	177465 266198	
0 0	2 3	2 3	2 3	4 6	0 1	0 1	2 3	0 1	3 4	0	4 6	36	80	134	7	23	14075	19	4	4	4 6	2 3	1 2	2 3	0 1	80000 120000	
0 1	2 3	2 3	1 2	1 2	7 10	4 6	1 2	0 1	3 4	1	13 20	28	52	91	4	36	9596	2	4	3	3 4	4 6	3 4	2 3	2 3	209441 314162	
0 0	1 2	1 2	1 2	1 2	6 9	4 6	0 1	4 6	2 3	0	2 3	42	84	168	8	50	16161	20	5	2	1 2	2 3	2 3	0 1	0 1	80000 120000	
3 4	3 4	3 4	0 1	1 2	0 1	0 1	0 1	1 2	4 6	1	23 34	43	81	160	7	23	16475	8	4	2	3 4	0 1	4 6	1 2	4 6	320000 480000	
0 0	3 4	0 0	5 8	3 4	3 4	1 2	0 0	1 2	4 6	1	15 22	15	30	92	4	2	7823	16	2	4	0 1	4 6	3 4	0 1	2 3	201942 302913	
3 4	3 4	0 1	4 7	5 8	8 12	0 0	0 0	4 6	3 4	0	1 2	14	22	60	2	15	5609	7	5	5	0 1	1 2	4 6	2 3	0 1	80000 120000	
3 4	2 3	2 3	2 3	3 4	3 4	1 2	2 3	4 7	2 3	0	9 14	18	33	35	2	18	5447	10	4	2	0 1	1 2	0 1	3 4	1 2	127422 191133	
2 3	3 4	0 1	5 8	4 6	6 9	2 3	2 3	3 4	0 1	0	8 13	17	38	72	5	50	7806	15	5	1	2 3	0 1	3 4	1 2	1 2	154717 232076	
0 1	1 2	1 2	1 2	6 9	2 3	3 4	0 1	1 2	2 3	1	13 20	47	93	159	9	13	17000	15	4	3	3 4	4 6	4 6	2 3	2 3	173808 260713	
3 4	0 0	3 4	4 7	1 2	3 4	3 4	3 4	6 9	2 3	0	0 1	9	14	53	2	31	4253	4	1	1	4 6	0 1	1 2	2 3	0 1	90981 136472	
1 2	3 4	0 0	1 2	7 10	4 6	0 1	3 4	1 2	0 1	1	13 20	11	29	47	3	5	6316	19	4	1	2 3	0 1	1 2	0 1	2 3	219131 328696	
1 2	1 2	0 0	2 3	2 3	5 8	0 0	1 2	5 8	3 4	0	4 7	33	79	158	7	47	13849	3	2	5	2 3	0 1	1 2	2 3	0 1	80000 120000	
1 2	0 1	1 2	7 10	3 4	6 9	2 3	0 0	6 9	1 2	0	1 2	11	17	39	1	25	3682	19	3	3	0 1	4 6	4 6	0 1	0 1	83560 125341	
1 2	0 1	0 0	5 8	4 6	2 3	0 0	2 3	5 8	4 6	0	12 19	40	71	147	8	18	14082	9	3	2	2 3	4 6	0 1	1 2	1 2	127322 190983	
2 3	1 2	0 1	3 4	4 6	5 8	0 1	0 0	3 4	3 4	0	6 9	33	70	123	7	8	13269	1	2	3	4 6	0 1	1 2	0 1	1 2	104308 156462	
1 2	2 3	3 4	2 3	2 3	5 8	0 0	3 4	3 4	3 4	0	2 3	7	10	10	1	13	838	10	5	5	1 2	4 6	1 2	0 1	0 1	80000 120000	
2 3	3 4	3 4	4 6	2 3	3 4	1 2	0 0	3 4	4 6	0	7 10	37	87	167	7	39	16341	12	1	2	3 4	3 4	0 1	0 1	1 2	132651 198976	
0 1	3 4	0 1	1 2	4 6	7 10	2 3	2 3	6 9	1 2	1	20 31	10	25	20	3	4	3578	12	2	2	2 3	4 6	2 3	1 2	4 6	301396 452094	
1 2	2 3	0 0	3 4	2 3	3 4	0 1	0 1	1 2	3 4	0	8 13	12	27	39	1	45	3968	2	2	2	1 2	4 6	4 6	4 6	1 2	96242 144363	
0 0	3 4	2 3	5 8	5 8	1 2	0 0	2 3	3 4	1 2	0	8 13	25	46	98	5	32	9517	12	3	1	2 3	3 4	0 1	1 2	0 1	80000 120000	
2 3	2 3	1 2	5 8	8 12	8 12	3 4	1 2	5 8	3 4	0	0 1	11	28	26	3	9	4133	18	4	5	2 3	4 6	0 1	2 3	0 1	80000 120000	
0 1	3 4	1 2	5 8	1 2	5 8	1 2	2 3	4 6	2 3	0	0 1	44	85	150	8	36	16883	4	3	1	1 2	0 1	2 3	4 6	0 1	80000 120000	
3 4	0 1	1 2	2 3	2 3	0 1	2 3	0 1	3 4	2 3	1	13 20	7	8	33	1	47	2965	13	1	2	4 6	2 3	4 6	0 1	2 3	174861 262292	
1 2	0 0	1 2	7 10	2 3	6 9	4 6	1 2	4 7	0 1	1	16 24	3	9	13	1	29	2845	1	1	4	4 6	4 6	3 4	4 6	2 3	165078 247617	
1 2	2 3	0 1	1 2	1 2	8 12	4 6	0 1	3 4	0 1	0	0 1	2	22	34	2	13	2620	16	4	3	1 2	2 3	0 1	3 4	0 1	80000 120000	
0 1	0 0	3 4	0 1	8 12	4 6	1 2	3 4	1 2	0 1	0	9 14	44	82	165	9	44	16146	10	1	5	4 6	4 6	4 6	1 2	1 2	99099 148648	
1 2	0 1	0 0	3 4	2 3	1 2	1 2	0 0	3 4	0 1	1	13 20	0	2	10	0	37	833	3	2	1	1 2	0 1	0 1	0 1	2 3	160284 240426	
0 1	3 4	0 1	8 12	8 12	4 7	0 1	3 4	6 9	0 1	0	9 14	26	44	108	5	26	10735	10	3	3	3 4	3 4	0 1	4 6	1 2	108139 162208	
0 1	2 3	0 1	0 1	4 6	0 1	4 6	0 0	0 1	4 6	1	24 36	16	29	60	3	41	6903	3	1	4	0 1	1 2	1 2	4 6	4 6	320000 480000	
2 3	3 4	3 4	2 3	3 4	3 4	0 0	0 1	4 7	0 1	0	12 18	0	12	15	0	19	1242	12	5	1	0 1	2 3	1 2	0 1	1 2	131523 197284	
0 1	0 0	0 0	3 4	1 2	7 10	2 3	2 3	4 7	0 1	1	24 36	18	50	75	5	39	9030	9	4	1	2 3	2 3	2 3	4 6	4 6	306763 460144	
0 1	1 2	2 3	7 10	4 6	8 12	0 1	1 2	0 1	0 1	1	19 28	31	58	116	5	1	10546	1	4	1	3 4	4 6	4 6	0 1	3 4	268386 402579	
3 4	3 4	2 3	6 9	5 8	2 3	4 6	2 3	1 2	0 1	1	12 19	39	86	148	8	44	16212	14	3	5	2 3	2 3	0 1	1 2	2 3	218340 327510	
3 4	0 1	3 4	8 12	1 2	0 1	3 4	2 3	1 2	0 1	1	12 19	38	86	175	8	48	16752	15	5	2	1 2	3 4	4 6	3 4	2 3	202005 303008	
0 0	0 0	1 2	5 8	7 10	0 1	1 2	0 1	3 4	4 6	0	7 10	41	84	174	9	27	15579	4	2	4	4 6	4 6	2 3	2 3	0 1	80000 120000	
0 0	0 1	3 4	3 4	8 12	3 4	2 3	2 3	0 1	1 2	1	21 32	40	65	157	7	39	14834	1	4	3	0 1	3 4	0 1	1 2	4 6	320000 480000	
0 1	0 1	0 0	4 7	3 4	6 9	4 6	0 1	4 7	2 3	0	8 12	27	50	103	5	47	9669	14	2	3	4 6	1 2	2 3	1 2	1 2	142440 213660	
3 4	1 2	3 4	7 10	6 9	3 4	1 2	1 2	4 6	0 1	0	7 10	9	20	11	0	20	2648	18	4	3	1 2	4 6	2 3	3 4	1 2	129209 193814	
2 3	0 1	0 0	3 4	8 12	1 2	0 0	0 0	4 6	2 3	0	8 13	26	41	115	6	43	9768	19	2	1	4 6	3 4	4 6	2 3	1 2	133912 200869	
0 1	3 4	0 1	3 4	3 4	3 4	2 3	0 1	0 1	3 4	0	8 12	4	6	10	0	41	21	11	5	5	0 1	4 6	2 3	0 1	1 2	118368 177553	
3 4	2 3	1 2	4 6	8 12	2 3	4 6	3 4	1 2	4 6	0	9 14	46	86	181	9	21	18320	3	1	4	4 6	2 3	3 4	2 3	1 2	142456 213684	
0 0	1 2	0 1	8 12	1 2	8 12	0 1	0 1	4 7	1 2	0	8 13	42	95	157	10	11	17583	14	5	2	1 2	1 2	4 6	1 2	1 2	134509 201764	
2 3	1 2	1 2	2 3	6 9	3 4	0 0	2 3	0 1	3 4	0	2 3	17	30	74	3	7	6462	12	4	5	2 3	3 4	1 2	3 4	0 1	80000 120000	
1 2	3 4	2 3	4 7	1 2	8 12	2 3	1 2	1 2	4 6	1	14 21	49	86	195	10	17	18975	17	5	1	0 1	4 6	0 1	4 6	2 3	179210 268815	
2 3	0 1	0 0	3 4	4 6	2 3	1 2	0 1	4 6	4 6	0	0 1	28	62	115	6	37	12856	18	4	1	2 3	4 6	0 1	3 4	0 1	84748 127122	
1 2	0 0	3 4	3 4	5 8	7 10	0 0	1 2	1 2	2 3	0	8 12	5	25	29	1	12	3260	3	1	5	4 6	1 2	2 3	4 6	0 1	80000 120000	
2 3	1 2	0 0	8 12	1 2	5 8	0 0	1 2	1 2	2 3	1	20 31	6	7	10	1	49	1148	2	3	1	2 3	2 3	3 4	0 1	3 4	283922 425883	
0 0	0 1	0 0	8 12	5 8	5 8	0 1	0 0	5 8	0 1	0	9 14	2	12	14	2	10	2760	14	1	5	0 1	4 6	4 6	1 2	1 2	139062 208593	
0 0	0 0	1 2	1 2	4 7	3 4	3 4	3 4	0 1	4 6	1	19 28	50	97	184	10	28	19838	1	5	2	4 6	0 1	2 3	4 6	3 4	241949 362924	
2 3	0 1	3 4	0 1	4 7	0 1	0 0	1 2	3 4	0 1	1	13 20	50	94	200	9	23	19880	0	2	5	1 2	2 3	0 1	1 2	2 3	202393 303590	
0 0	2 3	1 2	6 9	6 9	0 1	0 0	1 2	6 9	4 6	1	24 36	7	27	46	2	16	4129	8	2	3	4 6	3 4	0 1	2 3	4 6	320000 480000	
3 4	1 2	0 0	4 7	6 9	5 8	4 6	1 2	4 6	0 1	0	9 14	22	48	100	5	3	10481	13	4	4	4 6	3 4	2 3	3 4	1 2	105708 158563	
0 0	2 3	2 3	1 2	4 6	6 9	3 4	0 0	4 6	4 6	0	7 10	15	43	82	4	15	7658	7	3	5	0 1	4 6	3 4	3 4	1 2	140858 211287	
1 2	3 4	1 2	2 3	2 3	1 2	2 3	1 2	4 7	2 3	0	2 3	12	16	54	1	9	3717	1	5	4	1 2	4 6	1 2	0 1	0 1	91440 137160	
3 4	3 4	2 3	0 1	3 4	1 2	0 0	0 0	6 9	3 4	1	21 32	17	49	99	4	19	7994	0	1	4	4 6	2 3	1 2	3 4	3 4	273796 410695	
0 0	1 2	3 4	7 10	5 8	3 4	1 2	0 1	6 9	4 6	0	6 9	42	73	158	8	43	14806	2	1	3	3 4	1 2	1 2	1 2	0 1	80000 120000	
3 4	2 3	1 2	6 9	8 12	2 3	1 2	3 4	0 1	0 1	1	10 15	3	15	12	0	37	1622	10	1	2	4 6	4 6	4 6	4 6	2 3	182240 273360	
0 1	0 0	0 0	5 8	8 12	1 2	2 3	3 4	0 1	2 3	0	12 18	34	71	145	7	16	15267	1	5	5	1 2	3 4	0 1	3 4	1 2	98617 147926	
0 0	0 0	0 1	1 2	6 9	4 6	3 4	3 4	3 4	0 1	0	3 4	25	46	89	5	5	10304	15	2	2	1 2	0 1	2 3	4 6	0 1	80000 120000	
0 1	1 2	0 0	3 4	8 12	6 9	4 6	2 3	6 9	4 6	1	11 16	2	6	10	0	11	1682	4	5	2	3 4	2 3	0 1	1 2	2 3	167376 251065	
3 4	1 2	0 1	1 2	4 6	3 4	1 2	1 2	6 9	4 6	0	0 1	19	29	83	4	19	6360	4	2	1	1 2	2 3	4 6	0 1	0 1	80000 120000	
0 0	0 0	0 0	8 12	7 10	7 10	3 4	0 0	6 9	4 6	0	1 2	17	18	56	2	29	5065	19	2	5	1 2	0 1	4 6	2 3	0 1	80000 120000	
2 3	0 1	3 4	5 8	5 8	2 3	1 2	3 4	6 9	0 1	1	18 27	38	63	123	7	25	13864	14	2	2	2 3	2 3	2 3	3 4	3 4	277656 416485	
2 3	0 1	2 3	7 10	8 12	4 7	1 2	0 1	3 4	0 1	1	20 30	18	23	54	3	37	6114	16	1	1	0 1	0 1	1 2	0 1	4 6	320000 480000	
2 3	2 3	0 0	4 7	4 6	4 7	2 3	0 0	3 4	3 4	1	17 26	11	21	68	2	32	5704	7	2	5	2 3	4 6	3 4	0 1	3 4	253860 380790	
0 0	1 2	1 2	2 3	8 12	6 9	2 3	2 3	4 7	2 3	1	19 28	12	24	38	2	11	4961	6	1	1	4 6	0 1	2 3	0 1	3 4	266971 400456	
2 3	2 3	2 3	6 9	4 6	8 12	3 4	0 1	6 9	2 3	1	17 26	50	100	196	10	35	19532	13	2	2	2 3	2 3	2 3	3 4	3 4	251167 376750	
1 2	3 4	2 3	2 3	4 7	0 1	0 1	3 4	0 1	4 6	0	0 1	39	89	166	8	29	15851	5	1	2	3 4	4 6	2 3	3 4	0 1	80000 120000	
3 4	3 4	0 1	7 10	4 7	1 2	2 3	3 4	5 8	1 2	0	1 2	12	20	40	2	3	3176	10	1	5	2 3	3 4	1 2	3 4	0 1	80000 120000	
2 3	1 2	0 1	5 8	7 10	6 9	1 2	0 1	3 4	4 6	0	11 16	23	40	95	5	47	8151	19	3	1	4 6	4 6	3 4	0 1	1 2	133874 200811	
0 1	2 3	1 2	3 4	5 8	4 6	2 3	0 1	1 2	4 6	1	16 24	30	53	119	6	7	10231	8	3	2	2 3	4 6	2 3	1 2	3 4	249374 374061	
0 1	2 3	0 1	7 10	1 2	0 1	2 3	2 3	1 2	2 3	0	10 15	11	17	65	3	5	5221	10	5	2	1 2	1 2	2 3	4 6	1 2	155792 233689	
3 4	0 0	2 3	4 6	4 6	2 3	0 0	3 4	4 7	2 3	0	4 6	12	20	44	3	32	4437	7	4	1	2 3	1 2	2 3	4 6	0 1	80000 120000	
0 1	1 2	3 4	5 8	1 2	2 3	4 6	3 4	0 1	0 1	0	8 12	1	5	10	1	29	1069	2	5	2	1 2	2 3	0 1	2 3	1 2	137374 206061	
1 2	0 1	2 3	0 1	7 10	1 2	3 4	2 3	5 8	4 6	0	7 10	41	81	168	8	3	17160	14	1	5	1 2	2 3	0 1	1 2	0 1	80000 120000	
0 1	3 4	0 0	5 8	7 10	0 1	4 6	1 2	0 1	1 2	1	14 21	8	34	39	2	38	4939	19	2	5	0 1	4 6	4 6	3 4	2 3	188642 282963	
0 0	0 0	0 0	7 10	8 12	8 12	2 3	0 0	4 6	3 4	1	12 18	34	69	133	6	30	12106	19	4	4	1 2	3 4	4 6	2 3	2 3	164990 247485	
0 1	3 4	0 1	0 1	7 10	4 7	4 6	1 2	5 8	0 1	0	12 18	46	100	200	9	43	19248	12	1	3	0 1	1 2	1 2	2 3	1 2	122710 184065	
2 3	2 3	0 0	0 1	1 2	7 10	4 6	1 2	3 4	2 3	1	16 24	2	8	24	1	8	1664	20	1	1	2 3	3 4	3 4	4 6	3 4	225300 337950	
0 0	0 1	2 3	3 4	4 7	8 12	4 6	0 1	1 2	3 4	1	12 18	9	8	10	1	47	2094	13	1	1	4 6	3 4	2 3	1 2	2 3	209789 314684	
0 0	0 0	0 0	7 10	8 12	8 12	4 6	0 1	1 2	0 1	1	20 30	45	75	167	9	14	16331	19	5	2	3 4	4 6	3 4	3 4	3 4	271508 407262	
3 4	0 0	0 0	0 1	4 6	7 10	0 1	2 3	4 6	1 2	1	14 21	22	30	86	3	9	7679	15	4	3	1 2	3 4	2 3	0 1	2 3	186929 280394	
3 4	1 2	1 2	3 4	3 4	7 10	4 6	1 2	4 6	2 3	0	13 20	32	59	106	7	11	11663	18	3	5	1 2	4 6	0 1	0 1	1 2	128318 192477	
0 0	1 2	0 0	0 1	2 3	1 2	0 0	2 3	4 6	3 4	1	16 25	26	47	90	4	22	9814	0	1	1	1 2	1 2	2 3	1 2	2 3	160550 240825	
3 4	1 2	1 2	0 1	4 6	1 2	1 2	3 4	2 3	0 1	1	24 36	0	2	18	0	3	43	17	3	3	0 1	1 2	3 4	4 6	4 6	320000 480000	
1 2	0 0	3 4	5 8	5 8	2 3	0 0	3 4	1 2	3 4	0	7 10	23	38	82	5	24	9194	5	1	4	2 3	0 1	1 2	3 4	0 1	95757 143636	
3 4	0 0	3 4	3 4	6 9	3 4	2 3	0 0	3 4	0 1	0	0 1	35	74	149	6	32	12915	14	1	2	0 1	4 6	4 6	2 3	0 1	80000 120000	
3 4	0 0	3 4	4 7	5 8	2 3	3 4	3 4	1 2	2 3	1	16 24	50	100	200	10	18	19646	2	2	2	2 3	1 2	4 6	3 4	2 3	184396 276594	
0 1	2 3	2 3	4 6	4 6	3 4	1 2	0 1	0 1	1 2	1	24 36	48	88	181	10	37	19520	14	1	3	2 3	3 4	1 2	0 1	4 6	294796 442195	
1 2	3 4	1 2	2 3	4 6	5 8	1 2	0 1	0 1	3 4	0	8 12	25	48	76	4	34	9055	18	2	3	2 3	4 6	4 6	2 3	0 1	87070 130605	
3 4	1 2	2 3	2 3	2 3	0 1	2 3	0 1	0 1	4 6	0	4 7	15	33	73	4	13	6463	17	3	2	0 1	4 6	2 3	3 4	0 1	80000 120000	
0 1	3 4	1 2	5 8	4 7	0 1	3 4	1 2	4 7	2 3	0	0 1	44	100	178	10	12	18763	5	2	5	4 6	1 2	4 6	3 4	0 1	82252 123379	
0 0	0 0	3 4	4 7	1 2	4 6	0 0	0 1	2 3	1 2	1	22 33	25	66	141	6	14	12182	16	4	3	4 6	4 6	2 3	2 3	4 6	296229 444344	
0 0	2 3	3 4	8 12	5 8	0 1	2 3	3 4	4 6	0 1	0	0 1	16	30	77	3	49	7401	12	4	2	2 3	2 3	4 6	1 2	0 1	80000 120000	
1 2	3 4	1 2	2 3	5 8	5 8	0 0	2 3	6 9	1 2	1	12 19	4	9	15	1	27	2992	19	4	2	2 3	0 1	0 1	4 6	2 3	190088 285132	
0 1	3 4	0 1	3 4	3 4	6 9	3 4	3 4	3 4	1 2	1	21 32	42	85	192	9	7	17297	6	3	2	4 6	4 6	4 6	4 6	3 4	279910 419865	
0 0	2 3	0 0	2 3	2 3	1 2	3 4	2 3	6 9	4 6	1	19 28	10	30	55	3	1	4877	20	2	3	1 2	2 3	1 2	4 6	3 4	233513 350270	
0 1	0 0	0 1	8 12	8 12	5 8	0 1	2 3	2 3	2 3	0	6 9	11	31	52	2	34	4270	7	3	3	1 2	3 4	2 3	0 1	0 1	89556 134335	
0 0	0 0	1 2	6 9	2 3	1 2	0 1	0 1	2 3	3 4	1	21 32	11	18	58	3	5	5502	9	2	2	1 2	4 6	1 2	0 1	3 4	230850 346275	
1 2	3 4	0 1	5 8	4 6	6 9	2 3	0 1	4 7	3 4	0	1 2	47	93	192	8	9	17682	2	4	1	1 2	4 6	1 2	3 4	0 1	94026 141039	
1 2	3 4	3 4	7 10	5 8	1 2	2 3	0 0	3 4	0 1	0	11 16	7	10	10	2	15	1802	16	1	1	2 3	4 6	3 4	4 6	1 2	153963 230944	
2 3	0 1	2 3	5 8	1 2	7 10	4 6	1 2	0 1	3 4	0	8 12	20	39	108	5	35	9281	13	5	5	2 3	0 1	3 4	1 2	1 2	155741 233612	
0 0	0 0	0 0	4 6	4 7	7 10	0 1	0 1	4 6	1 2	1	24 36	18	39	53	4	22	6827	2	1	4	1 2	0 1	1 2	1 2	4 6	313459 470188	
1 2	0 0	1 2	0 1	4 6	4 7	0 0	1 2	2 3	3 4	1	17 26	41	88	164	8	34	15750	11	4	1	0 1	2 3	0 1	2 3	3 4	255734 383601	
3 4	2 3	2 3	4 7	8 12	0 1	0 0	0 1	4 6	1 2	0	12 19	28	71	134	7	26	12549	12	3	3	0 1	2 3	0 1	3 4	1 2	106054 159081	
0 1	1 2	0 1	0 1	3 4	1 2	0 1	0 1	6 9	3 4	1	24 36	4	2	16	1	28	809	19	4	3	1 2	3 4	0 1	3 4	4 6	320000 480000	
2 3	0 0	2 3	7 10	5 8	1 2	1 2	2 3	4 6	1 2	0	5 8	16	30	59	4	21	7534	2	5	5	1 2	1 2	2 3	4 6	1 2	108327 162490	
2 3	3 4	0 0	7 10	6 9	4 7	4 6	2 3	3 4	4 6	1	20 31	3	8	17	0	29	594	13	4	1	3 4	4 6	4 6	4 6	4 6	316816 475225	
1 2	1 2	0 1	7 10	4 6	6 9	1 2	0 1	4 6	3 4	1	22 33	9	21	49	3	49	4032	6	2	1	4 6	4 6	2 3	1 2	4 6	307717 461576	
2 3	2 3	0 1	4 7	5 8	1 2	3 4	1 2	4 6	2 3	1	15 22	5	2	10	0	6	440	6	4	3	0 1	0 1	4 6	4 6	2 3	161874 242811	
0 0	0 0	1 2	7 10	6 9	6 9	0 1	3 4	4 6	0 1	0	4 7	18	40	71	4	25	7223	14	3	5	2 3	3 4	4 6	3 4	0 1	80000 120000	
2 3	0 1	3 4	8 12	4 7	5 8	0 1	1 2	1 2	1 2	0	8 13	12	30	34	2	6	4161	2	4	2	2 3	4 6	1 2	4 6	1 2	128040 192061	
0 1	2 3	3 4	3 4	2 3	5 8	2 3	2 3	5 8	4 6	1	14 21	27	38	104	4	11	9000	20	3	4	4 6	1 2	1 2	1 2	2 3	172020 258031	
3 4	3 4	3 4	0 1	1 2	0 1	4 6	0 1	1 2	1 2	1	14 21	6	16	50	2	21	3439	2	3	3	4 6	3 4	4 6	4 6	2 3	208669 313004	
3 4	3 4	1 2	4 6	4 6	6 9	3 4	0 0	4 7	2 3	1	13 20	25	38	95	4	2	9104	7	3	5	1 2	0 1	0 1	0 1	2 3	185030 277545	
0 1	3 4	2 3	7 10	4 7	2 3	0 0	2 3	4 6	2 3	1	14 21	17	44	97	4	38	8464	7	2	2	3 4	3 4	4 6	0 1	2 3	179307 268960	
0 1	1 2	1 2	1 2	1 2	1 2	2 3	0 1	5 8	4 6	1	17 26	20	35	53	3	41	6995	11	2	4	3 4	4 6	2 3	3 4	3 4	268955 403432	
1 2	1 2	2 3	0 1	2 3	6 9	4 6	1 2	6 9	4 6	1	17 26	9	29	46	3	22	5433	12	5	2	3 4	4 6	2 3	0 1	2 3	214799 322198	
0 1	0 1	0 1	6 9	3 4	3 4	0 1	2 3	0 1	0 1	0	8 12	6	17	27	1	9	3649	0	4	4	3 4	4 6	2 3	0 1	0 1	80000 120000	
2 3	1 2	0 1	7 10	3 4	4 7	4 6	0 0	4 7	2 3	1	16 24	1	5	10	1	21	771	1	5	1	3 4	4 6	3 4	0 1	3 4	278312 417469	
1 2	2 3	0 0	6 9	7 10	2 3	2 3	3 4	2 3	3 4	1	16 25	15	43	70	2	12	6698	8	3	2	2 3	1 2	3 4	0 1	2 3	202797 304196	
0 0	3 4	1 2	4 6	1 2	1 2	0 0	2 3	0 1	0 1	0	0 1	13	10	20	2	3	3229	12	5	5	3 4	1 2	1 2	1 2	0 1	80000 120000	
2 3	1 2	0 0	8 12	6 9	2 3	0 0	0 1	6 9	1 2	0	8 13	32	74	137	7	28	14412	1	1	4	2 3	4 6	1 2	2 3	1 2	116426 174639	
0 0	3 4	0 0	5 8	5 8	3 4	1 2	0 0	2 3	3 4	1	20 30	11	34	44	2	1	5557	1	1	2	4 6	2 3	3 4	2 3	3 4	281719 422578	
