RESTART 1
Generation 1 2 3 4 5 6 7 8 9 10 11 12 13 14 15 16 17 18 19 20 21 22 23 24 25 26 27 28 29 30 31 32 33 34 35 36 37 38 39 40 41 42 43 44 45 46 47 48 49 50 51 52 53 54 55 56 57 58 59 60 61 62 63 64 65 66 67 68 69 70 71 72 73 74 75 76 77 78 79 80 81 82 83 84 85 86 87 88 89 90 91 92 93 94 95 96 97 98 99 100 101 102 103 104 105 106 107 108 109 110 111 112 113 114 115 116 117 118 119 120 121 122 123 124 125 126 127 128 129 130 131 132 133 134 135 136 137 138 139 140 141 142 143 144 145 146 147 148 149 150 151 152 153 154 155 156 157 158 159 160 161 162 163 164 165 166 167 168 169 170 171 172 173 174 175 176 177 178 179 180 181 182 183 184 185 186 187 188 189 190 191 192 193 194 195 196 197 198 199 200 

New best:
Fitness:	0.544931541166826
Constraint violations:	0.0
Portfolio:	0,1,1,0,1,1,1,0,1,0,1,1,1,1,0,1,0,1,1,1,0,1,1,0,1,1,0,0,1,1,1,0,0,1,1,1,0,0,1,1,1,1,0,0,1,0,1,1,1,0,1,1,0,1,1,1,1,1,0,0,1,1,1,1,0,1,1,1,1,1,1,0,1,1,0,1,1,0,1,1,1,1,0,1,1,1,1,0,1,0,1,0,1,1,1,0,0,0,1,1,1,1,1,1,0,0,0,1,0,1,0,1,1,1,1,0,1,0,1,1,1,1,0,0,0,1,0,1,1,0,0,1,1,1,0,1,1,1,1,0,0,1,1,1,0,0,0,0,0,0,1,1,0,1,0,1,0,0,1,1,0,1,0,1,0,0,1,1,0,1,0,1,0,0,1,1,1,0,1,1,1,0,1,1,1,1,1,1,0
Elementary criteria impacts:	155.0 251.0,186.0 293.0,135.0 228.0,581.0 891.0,523.0 788.0,493.0 757.0,236.0 370.0,143.0 234.0,383.0 613.0,71.0 71.0,31.0 31.0,-3.4774186E7 -2.3182777E7,-86.0 -86.0

RESTART 2
Generation 1 2 3 4 5 6 7 8 9 10 11 12 13 14 15 16 17 18 19 20 21 22 23 24 25 26 27 28 29 30 31 32 33 34 35 36 37 38 39 40 41 42 43 44 45 46 47 48 49 50 51 52 53 54 55 56 57 58 59 60 61 62 63 64 65 66 67 68 69 70 71 72 73 74 75 76 77 78 79 80 81 82 83 84 85 86 87 88 89 90 91 92 93 94 95 96 97 98 99 100 101 102 103 104 105 106 107 108 109 110 111 112 113 114 115 116 117 118 119 120 121 122 123 124 125 126 127 128 129 130 131 132 133 134 135 136 137 138 139 140 141 142 143 144 145 146 147 148 149 150 151 152 153 154 155 156 157 158 159 160 161 162 163 164 165 166 167 168 169 170 171 172 173 174 175 176 177 178 179 180 181 182 183 184 185 186 187 188 189 190 191 192 193 194 195 196 197 198 199 200 

New best:
Fitness:	0.5472387200304432
Constraint violations:	0.0
Portfolio:	1,1,1,0,1,1,1,0,1,1,1,1,1,1,0,1,1,1,1,1,0,1,1,0,1,1,0,0,1,1,1,0,0,1,1,1,0,0,1,1,1,1,0,0,1,0,1,1,1,0,1,1,0,1,1,1,1,1,0,0,1,1,1,1,0,1,1,1,1,1,1,0,1,1,0,1,1,0,1,1,1,1,0,0,1,1,1,1,1,0,1,0,1,1,1,0,0,0,0,1,1,0,1,1,0,0,1,1,1,1,1,1,0,1,1,0,1,0,1,1,1,1,0,0,0,1,1,1,0,0,0,1,1,0,0,1,0,1,1,0,0,0,1,1,0,0,1,0,0,0,1,1,1,1,0,1,0,0,1,1,0,0,0,1,0,1,1,0,0,1,0,1,0,1,1,0,1,0,1,1,1,1,0,1,1,1,1,1,0
Elementary criteria impacts:	156.0 254.0,196.0 305.0,139.0 236.0,576.0 882.0,545.0 820.0,521.0 795.0,225.0 354.0,145.0 236.0,394.0 629.0,69.0 69.0,33.0 33.0,-3.4965414E7 -2.3310261E7,-86.0 -86.0

RESTART 3
Generation 1 2 3 4 5 6 7 8 9 10 11 12 13 14 15 16 17 18 19 20 21 22 23 24 25 26 27 28 29 30 31 32 33 34 35 36 37 38 39 40 41 42 43 44 45 46 47 48 49 50 51 52 53 54 55 56 57 58 59 60 61 62 63 64 65 66 67 68 69 70 71 72 73 74 75 76 77 78 79 80 81 82 83 84 85 86 87 88 89 90 91 92 93 94 95 96 97 98 99 100 101 102 103 104 105 106 107 108 109 110 111 112 113 114 115 116 117 118 119 120 121 122 123 124 125 126 127 128 129 130 131 132 133 134 135 136 137 138 139 140 141 142 143 144 145 146 147 148 149 150 151 152 153 154 155 156 157 158 159 160 161 162 163 164 165 166 167 168 169 170 171 172 173 174 175 176 177 178 179 180 181 182 183 184 185 186 187 188 189 190 191 192 193 194 195 196 197 198 199 200 

New best:
Fitness:	0.54768205633673
Constraint violations:	0.0
Portfolio:	1,1,1,0,1,1,1,0,1,0,1,1,1,1,0,1,1,1,1,1,0,1,1,0,1,1,0,0,0,1,1,1,0,1,1,1,0,0,1,0,1,1,0,1,1,0,1,1,1,0,1,1,0,1,1,1,1,1,0,0,1,1,0,1,0,1,1,1,1,1,1,0,1,1,0,1,1,0,1,1,1,1,0,0,1,1,1,0,1,0,1,0,1,1,1,0,0,0,1,1,1,0,1,1,0,0,0,1,0,1,0,1,1,1,1,0,1,0,1,1,1,1,0,0,0,1,1,1,1,0,0,1,1,1,0,1,1,1,1,0,0,0,1,1,0,0,1,1,0,0,1,1,1,1,0,1,0,0,1,1,0,1,1,1,0,0,1,1,0,1,0,1,0,0,1,1,1,0,1,1,1,0,1,1,1,1,1,1,0
Elementary criteria impacts:	158.0 257.0,189.0 297.0,137.0 233.0,583.0 893.0,550.0 829.0,519.0 793.0,246.0 383.0,142.0 235.0,409.0 651.0,71.0 71.0,34.0 34.0,-3.4971227E7 -2.3314135E7,-87.0 -87.0

RESTART 4
Generation 1 2 3 4 5 6 7 8 9 10 11 12 13 14 15 16 17 18 19 20 21 22 23 24 25 26 27 28 29 30 31 32 33 34 35 36 37 38 39 40 41 42 43 44 45 46 47 48 49 50 51 52 53 54 55 56 57 58 59 60 61 62 63 64 65 66 67 68 69 70 71 72 73 74 75 76 77 78 79 80 81 82 83 84 85 86 87 88 89 90 91 92 93 94 95 96 97 98 99 100 101 102 103 104 105 106 107 108 109 110 111 112 113 114 115 116 117 118 119 120 121 122 123 124 125 126 127 128 129 130 131 132 133 134 135 136 137 138 139 140 141 142 143 144 145 146 147 148 149 150 151 152 153 154 155 156 157 158 159 160 161 162 163 164 165 166 167 168 169 170 171 172 173 174 175 176 177 178 179 180 181 182 183 184 185 186 187 188 189 190 191 192 193 194 195 196 197 198 199 200 

New best:
Fitness:	0.5469002215645691
Constraint violations:	0.0
Portfolio:	1,1,1,0,1,1,1,0,1,0,1,1,1,1,0,1,1,1,1,1,0,1,1,0,1,1,0,1,0,1,1,0,0,1,1,1,0,0,1,0,1,1,0,1,1,0,1,1,1,0,1,1,0,1,1,1,1,1,0,0,1,1,0,1,0,1,1,1,1,1,1,0,1,1,0,1,1,1,1,1,1,1,0,0,1,1,1,0,1,0,1,0,1,0,1,0,0,0,1,0,1,0,1,1,0,0,0,1,0,1,1,1,1,1,1,0,1,0,1,1,1,1,0,0,0,1,0,1,1,0,0,1,1,1,0,1,1,1,1,0,0,1,1,1,0,0,1,0,0,0,1,1,1,1,0,1,0,0,1,1,0,0,1,1,0,1,1,1,0,1,0,1,0,0,1,1,1,0,1,1,1,1,0,1,1,1,1,1,0
Elementary criteria impacts:	157.0 254.0,198.0 307.0,134.0 230.0,596.0 911.0,542.0 819.0,513.0 785.0,228.0 358.0,145.0 237.0,402.0 642.0,70.0 70.0,33.0 33.0,-3.4951468E7 -2.3300964E7,-86.0 -86.0

RESTART 5
Generation 1 2 3 4 5 6 7 8 9 10 11 12 13 14 15 16 17 18 19 20 21 22 23 24 25 26 27 28 29 30 31 32 33 34 35 36 37 38 39 40 41 42 43 44 45 46 47 48 49 50 51 52 53 54 55 56 57 58 59 60 61 62 63 64 65 66 67 68 69 70 71 72 73 74 75 76 77 78 79 80 81 82 83 84 85 86 87 88 89 90 91 92 93 94 95 96 97 98 99 100 101 102 103 104 105 106 107 108 109 110 111 112 113 114 115 116 117 118 119 120 121 122 123 124 125 126 127 128 129 130 131 132 133 134 135 136 137 138 139 140 141 142 143 144 145 146 147 148 149 150 151 152 153 154 155 156 157 158 159 160 161 162 163 164 165 166 167 168 169 170 171 172 173 174 175 176 177 178 179 180 181 182 183 184 185 186 187 188 189 190 191 192 193 194 195 196 197 198 199 200 

New best:
Fitness:	0.5529028663203344
Constraint violations:	0.0
Portfolio:	0,1,1,0,1,1,1,0,1,0,1,1,1,1,0,1,1,1,1,0,0,1,1,0,1,1,0,0,0,1,1,0,0,1,1,1,0,0,1,0,1,1,0,1,1,0,1,1,1,0,1,1,0,1,1,1,1,1,0,0,1,1,0,1,0,1,1,1,1,1,1,0,1,1,0,1,1,1,1,1,1,1,0,0,1,1,1,0,1,0,1,0,1,1,1,0,0,0,1,1,1,0,1,1,0,0,1,1,1,1,1,1,1,1,1,0,1,0,1,1,1,1,0,0,0,1,0,1,1,0,0,1,1,1,0,1,1,1,1,0,0,1,1,1,0,0,1,0,0,0,1,1,1,1,0,1,0,0,1,1,0,0,1,1,0,0,1,1,0,1,0,1,0,0,1,1,1,0,1,1,1,1,0,1,1,1,1,1,0
Elementary criteria impacts:	159.0 256.0,198.0 307.0,130.0 225.0,595.0 911.0,551.0 831.0,509.0 779.0,226.0 355.0,144.0 235.0,395.0 632.0,70.0 70.0,34.0 34.0,-3.4846954E7 -2.3231287E7,-86.0 -86.0

RESTART 6
Generation 1 2 3 4 5 6 7 8 9 10 11 12 13 14 15 16 17 18 19 20 21 22 23 24 25 26 27 28 29 30 31 32 33 34 35 36 37 38 39 40 41 42 43 44 45 46 47 48 49 50 51 52 53 54 55 56 57 58 59 60 61 62 63 64 65 66 67 68 69 70 71 72 73 74 75 76 77 78 79 80 81 82 83 84 85 86 87 88 89 90 91 92 93 94 95 96 97 98 99 100 101 102 103 104 105 106 107 108 109 110 111 112 113 114 115 116 117 118 119 120 121 122 123 124 125 126 127 128 129 130 131 132 133 134 135 136 137 138 139 140 141 142 143 144 145 146 147 148 149 150 151 152 153 154 155 156 157 158 159 160 161 162 163 164 165 166 167 168 169 170 171 172 173 174 175 176 177 178 179 180 181 182 183 184 185 186 187 188 189 190 191 192 193 194 195 196 197 198 199 200 

New best:
Fitness:	0.5563909951139668
Constraint violations:	0.0
Portfolio:	1,1,0,0,1,1,1,0,1,1,1,1,1,1,0,1,1,1,1,1,0,1,1,0,1,1,0,0,1,1,1,1,0,1,1,1,0,0,1,0,1,1,0,1,1,0,0,1,1,0,1,1,0,1,1,1,1,1,0,0,1,1,0,1,0,1,1,1,1,1,1,0,1,1,0,1,1,1,1,1,1,1,0,0,1,1,1,0,1,0,1,0,1,0,1,0,0,0,1,0,1,0,1,1,0,0,0,1,0,1,1,1,1,1,1,0,1,0,1,1,1,1,0,0,0,1,0,1,0,0,0,1,1,1,0,1,1,1,1,0,0,1,1,1,0,0,1,0,0,0,1,1,1,1,0,1,0,0,1,1,1,0,1,1,0,0,1,1,0,1,0,1,0,1,1,1,1,0,1,1,1,1,1,1,1,1,1,1,0
Elementary criteria impacts:	158.0 256.0,200.0 311.0,141.0 240.0,582.0 891.0,550.0 830.0,514.0 788.0,238.0 373.0,149.0 240.0,405.0 647.0,70.0 70.0,32.0 32.0,-3.4950211E7 -2.3300125E7,-86.0 -86.0

RESTART 7
Generation 1 2 3 4 5 6 7 8 9 10 11 12 13 14 15 16 17 18 19 20 21 22 23 24 25 26 27 28 29 30 31 32 33 34 35 36 37 38 39 40 41 42 43 44 45 46 47 48 49 50 51 52 53 54 55 56 57 58 59 60 61 62 63 64 65 66 67 68 69 70 71 72 73 74 75 76 77 78 79 80 81 82 83 84 85 86 87 88 89 90 91 92 93 94 95 96 97 98 99 100 101 102 103 104 105 106 107 108 109 110 111 112 113 114 115 116 117 118 119 120 121 122 123 124 125 126 127 128 129 130 131 132 133 134 135 136 137 138 139 140 141 142 143 144 145 146 147 148 149 150 151 152 153 154 155 156 157 158 159 160 161 162 163 164 165 166 167 168 169 170 171 172 173 174 175 176 177 178 179 180 181 182 183 184 185 186 187 188 189 190 191 192 193 194 195 196 197 198 199 200 

New best:
Fitness:	0.5376045614066038
Constraint violations:	0.0
Portfolio:	1,1,1,0,1,1,1,0,1,1,1,1,1,1,0,1,1,1,0,1,0,1,1,0,1,1,0,0,1,1,1,1,0,1,1,1,0,0,1,0,1,1,0,1,1,0,1,1,1,0,1,1,0,1,1,1,1,1,0,0,1,1,0,1,0,1,1,1,1,1,1,0,1,1,0,1,1,1,1,1,1,1,0,0,1,1,1,0,1,0,1,0,1,0,0,0,0,0,1,0,1,0,1,1,0,0,0,1,0,1,1,1,1,1,1,0,1,0,1,1,1,1,0,0,0,1,1,1,1,0,0,1,1,1,0,1,1,1,1,0,0,0,1,1,0,0,1,1,0,0,1,1,1,1,0,1,0,0,1,1,0,0,1,1,0,0,1,1,0,1,0,1,0,0,1,1,1,0,1,1,1,0,1,1,1,1,1,1,0
Elementary criteria impacts:	160.0 258.0,189.0 296.0,137.0 233.0,595.0 909.0,534.0 806.0,517.0 790.0,240.0 373.0,141.0 232.0,401.0 641.0,70.0 70.0,35.0 35.0,-3.4873361E7 -2.3248891E7,-85.0 -85.0

RESTART 8
Generation 1 2 3 4 5 6 7 8 9 10 11 12 13 14 15 16 17 18 19 20 21 22 23 24 25 26 27 28 29 30 31 32 33 34 35 36 37 38 39 40 41 42 43 44 45 46 47 48 49 50 51 52 53 54 55 56 57 58 59 60 61 62 63 64 65 66 67 68 69 70 71 72 73 74 75 76 77 78 79 80 81 82 83 84 85 86 87 88 89 90 91 92 93 94 95 96 97 98 99 100 101 102 103 104 105 106 107 108 109 110 111 112 113 114 115 116 117 118 119 120 121 122 123 124 125 126 127 128 129 130 131 132 133 134 135 136 137 138 139 140 141 142 143 144 145 146 147 148 149 150 151 152 153 154 155 156 157 158 159 160 161 162 163 164 165 166 167 168 169 170 171 172 173 174 175 176 177 178 179 180 181 182 183 184 185 186 187 188 189 190 191 192 193 194 195 196 197 198 199 200 

New best:
Fitness:	0.5341735025086759
Constraint violations:	0.0
Portfolio:	1,1,1,0,1,1,1,0,1,1,1,1,1,1,0,1,0,1,1,1,0,1,1,0,1,1,0,0,1,1,1,1,0,1,1,1,0,0,1,0,1,1,0,1,1,0,1,1,1,0,1,0,0,1,1,1,1,1,0,0,1,1,0,1,0,1,1,1,1,1,1,0,1,1,0,1,1,1,1,1,1,1,0,0,1,1,1,0,1,0,1,0,1,0,1,0,0,0,1,0,1,0,1,1,0,0,0,1,0,1,1,1,1,1,1,0,1,0,1,1,1,1,0,0,0,1,1,1,1,0,0,1,1,1,0,1,1,1,1,0,0,1,1,1,0,0,1,0,0,0,1,1,1,1,0,1,0,0,1,1,0,0,1,1,0,0,1,1,0,1,0,1,0,0,1,1,1,0,0,1,1,1,1,1,1,1,1,1,0
Elementary criteria impacts:	154.0 251.0,193.0 301.0,139.0 235.0,596.0 913.0,534.0 807.0,507.0 775.0,235.0 367.0,145.0 236.0,393.0 629.0,70.0 70.0,34.0 34.0,-3.4995733E7 -2.3330474E7,-86.0 -86.0

RESTART 9
Generation 1 2 3 4 5 6 7 8 9 10 11 12 13 14 15 16 17 18 19 20 21 22 23 24 25 26 27 28 29 30 31 32 33 34 35 36 37 38 39 40 41 42 43 44 45 46 47 48 49 50 51 52 53 54 55 56 57 58 59 60 61 62 63 64 65 66 67 68 69 70 71 72 73 74 75 76 77 78 79 80 81 82 83 84 85 86 87 88 89 90 91 92 93 94 95 96 97 98 99 100 101 102 103 104 105 106 107 108 109 110 111 112 113 114 115 116 117 118 119 120 121 122 123 124 125 126 127 128 129 130 131 132 133 134 135 136 137 138 139 140 141 142 143 144 145 146 147 148 149 150 151 152 153 154 155 156 157 158 159 160 161 162 163 164 165 166 167 168 169 170 171 172 173 174 175 176 177 178 179 180 181 182 183 184 185 186 187 188 189 190 191 192 193 194 195 196 197 198 199 200 

New best:
Fitness:	0.5496215724458292
Constraint violations:	0.0
Portfolio:	1,1,1,0,1,1,1,0,1,1,1,1,1,1,0,1,1,1,1,0,0,1,1,0,1,1,0,0,1,1,1,0,0,1,1,1,0,0,1,0,1,1,0,1,1,0,0,1,1,0,1,1,0,1,1,1,1,0,0,0,1,1,1,1,0,1,1,1,1,1,1,0,1,1,0,1,1,1,1,1,1,1,0,0,1,1,1,0,1,0,1,0,1,0,1,0,0,0,1,0,1,0,1,1,0,0,0,1,1,1,1,1,1,1,1,0,1,0,1,1,1,1,0,0,0,1,1,1,1,0,0,1,1,1,0,1,1,1,1,0,0,1,1,1,0,0,1,0,0,0,1,1,1,1,1,1,0,0,1,1,0,0,1,1,0,0,1,1,0,1,0,1,0,0,1,1,1,0,0,1,1,1,0,1,1,1,1,1,0
Elementary criteria impacts:	159.0 257.0,200.0 308.0,136.0 233.0,602.0 922.0,531.0 803.0,500.0 768.0,219.0 346.0,139.0 229.0,393.0 628.0,70.0 70.0,33.0 33.0,-3.4931869E7 -2.3287897E7,-86.0 -86.0

RESTART 10
Generation 1 2 3 4 5 6 7 8 9 10 11 12 13 14 15 16 17 18 19 20 21 22 23 24 25 26 27 28 29 30 31 32 33 34 35 36 37 38 39 40 41 42 43 44 45 46 47 48 49 50 51 52 53 54 55 56 57 58 59 60 61 62 63 64 65 66 67 68 69 70 71 72 73 74 75 76 77 78 79 80 81 82 83 84 85 86 87 88 89 90 91 92 93 94 95 96 97 98 99 100 101 102 103 104 105 106 107 108 109 110 111 112 113 114 115 116 117 118 119 120 121 122 123 124 125 126 127 128 129 130 131 132 133 134 135 136 137 138 139 140 141 142 143 144 145 146 147 148 149 150 151 152 153 154 155 156 157 158 159 160 161 162 163 164 165 166 167 168 169 170 171 172 173 174 175 176 177 178 179 180 181 182 183 184 185 186 187 188 189 190 191 192 193 194 195 196 197 198 199 200 

New best:
Fitness:	0.5450647054105286
Constraint violations:	0.0
Portfolio:	0,1,1,0,1,1,1,0,1,1,1,1,1,1,0,1,1,1,1,1,0,1,1,0,1,1,0,0,1,1,1,0,0,1,1,1,0,0,1,0,1,1,0,1,1,0,0,1,1,0,1,1,0,1,1,1,1,0,0,0,1,1,0,1,0,1,1,1,1,1,1,0,1,1,0,1,1,1,1,1,1,1,0,0,1,1,1,0,1,0,1,0,1,1,1,0,0,0,1,0,1,0,1,1,0,0,0,1,1,1,1,1,1,1,1,0,1,0,1,1,1,1,0,0,0,1,0,1,1,0,0,1,1,1,0,1,1,1,1,0,0,1,1,1,0,0,1,0,0,0,1,1,1,1,0,1,0,0,1,1,1,0,1,1,0,1,1,1,0,1,0,1,0,0,1,1,1,0,1,1,1,1,0,1,1,1,1,1,0
Elementary criteria impacts:	165.0 264.0,204.0 314.0,137.0 235.0,589.0 903.0,545.0 822.0,513.0 787.0,228.0 359.0,145.0 237.0,400.0 639.0,70.0 70.0,32.0 32.0,-3.491187E7 -2.3274565E7,-86.0 -86.0

RESTART 11
Generation 1 2 3 4 5 6 7 8 9 10 11 12 13 14 15 16 17 18 19 20 21 22 23 24 25 26 27 28 29 30 31 32 33 34 35 36 37 38 39 40 41 42 43 44 45 46 47 48 49 50 51 52 53 54 55 56 57 58 59 60 61 62 63 64 65 66 67 68 69 70 71 72 73 74 75 76 77 78 79 80 81 82 83 84 85 86 87 88 89 90 91 92 93 94 95 96 97 98 99 100 101 102 103 104 105 106 107 108 109 110 111 112 113 114 115 116 117 118 119 120 121 122 123 124 125 126 127 128 129 130 131 132 133 134 135 136 137 138 139 140 141 142 143 144 145 146 147 148 149 150 151 152 153 154 155 156 157 158 159 160 161 162 163 164 165 166 167 168 169 170 171 172 173 174 175 176 177 178 179 180 181 182 183 184 185 186 187 188 189 190 191 192 193 194 195 196 197 198 199 200 

New best:
Fitness:	0.5310413858088807
Constraint violations:	0.0
Portfolio:	1,1,1,0,1,1,1,0,1,1,1,1,1,1,0,1,0,1,1,1,0,1,1,0,1,1,0,0,1,1,1,1,0,1,1,1,0,0,1,0,1,1,0,1,1,0,0,1,1,0,1,1,0,1,1,1,1,0,0,0,1,1,1,1,0,1,1,1,1,1,1,0,1,1,0,1,1,1,1,1,1,1,0,0,1,1,1,0,1,0,1,0,1,0,1,0,0,0,1,0,1,0,1,1,0,0,0,1,0,1,1,1,1,1,1,1,1,0,1,1,1,1,0,0,0,1,0,1,1,0,0,1,1,1,0,1,1,1,1,0,0,1,1,1,0,0,1,0,0,0,1,1,1,1,0,1,0,0,1,1,1,0,1,1,0,0,1,1,0,1,0,1,0,0,1,1,1,0,1,1,1,0,1,1,1,1,1,1,0
Elementary criteria impacts:	160.0 259.0,200.0 310.0,141.0 238.0,583.0 894.0,539.0 814.0,517.0 793.0,233.0 367.0,147.0 238.0,398.0 637.0,70.0 70.0,32.0 32.0,-3.476073E7 -2.3173805E7,-86.0 -86.0

RESTART 12
Generation 1 2 3 4 5 6 7 8 9 10 11 12 13 14 15 16 17 18 19 20 21 22 23 24 25 26 27 28 29 30 31 32 33 34 35 36 37 38 39 40 41 42 43 44 45 46 47 48 49 50 51 52 53 54 55 56 57 58 59 60 61 62 63 64 65 66 67 68 69 70 71 72 73 74 75 76 77 78 79 80 81 82 83 84 85 86 87 88 89 90 91 92 93 94 95 96 97 98 99 100 101 102 103 104 105 106 107 108 109 110 111 112 113 114 115 116 117 118 119 120 121 122 123 124 125 126 127 128 129 130 131 132 133 134 135 136 137 138 139 140 141 142 143 144 145 146 147 148 149 150 151 152 153 154 155 156 157 158 159 160 161 162 163 164 165 166 167 168 169 170 171 172 173 174 175 176 177 178 179 180 181 182 183 184 185 186 187 188 189 190 191 192 193 194 195 196 197 198 199 200 

New best:
Fitness:	0.5338167403135814
Constraint violations:	0.0
Portfolio:	1,1,1,0,1,1,1,0,1,1,1,1,1,1,0,1,1,1,1,1,0,1,1,0,1,1,0,0,1,1,1,0,0,1,1,1,0,0,1,0,1,1,0,1,1,0,0,1,1,0,1,1,0,1,1,1,1,0,0,0,1,1,1,1,0,1,1,1,1,1,1,0,1,1,0,1,1,1,1,1,1,1,0,0,1,1,1,0,1,0,1,0,1,0,1,0,0,0,1,0,1,0,1,1,0,0,0,1,1,1,1,1,1,1,1,0,1,0,1,1,1,1,0,0,0,1,0,1,1,0,0,1,1,1,0,1,1,1,1,0,0,1,1,1,0,0,1,0,0,0,1,1,1,1,1,1,0,0,1,1,0,0,1,1,0,0,1,1,0,1,0,1,0,0,1,1,1,0,1,1,1,1,0,1,1,1,1,1,0
Elementary criteria impacts:	161.0 260.0,201.0 311.0,139.0 237.0,598.0 916.0,534.0 807.0,506.0 777.0,224.0 353.0,143.0 234.0,399.0 637.0,70.0 70.0,32.0 32.0,-3.4976416E7 -2.3317595E7,-86.0 -86.0

RESTART 13
Generation 1 2 3 4 5 6 7 8 9 10 11 12 13 14 15 16 17 18 19 20 21 22 23 24 25 26 27 28 29 30 31 32 33 34 35 36 37 38 39 40 41 42 43 44 45 46 47 48 49 50 51 52 53 54 55 56 57 58 59 60 61 62 63 64 65 66 67 68 69 70 71 72 73 74 75 76 77 78 79 80 81 82 83 84 85 86 87 88 89 90 91 92 93 94 95 96 97 98 99 100 101 102 103 104 105 106 107 108 109 110 111 112 113 114 115 116 117 118 119 120 121 122 123 124 125 126 127 128 129 130 131 132 133 134 135 136 137 138 139 140 141 142 143 144 145 146 147 148 149 150 151 152 153 154 155 156 157 158 159 160 161 162 163 164 165 166 167 168 169 170 171 172 173 174 175 176 177 178 179 180 181 182 183 184 185 186 187 188 189 190 191 192 193 194 195 196 197 198 199 200 

New best:
Fitness:	0.543882889798466
Constraint violations:	0.0
Portfolio:	1,1,1,0,1,1,1,0,1,1,1,0,1,1,0,1,1,1,1,1,0,1,1,0,1,1,0,0,0,1,1,1,0,1,1,1,0,0,1,0,1,1,0,1,1,0,0,1,1,0,1,1,0,1,1,1,1,1,0,0,1,1,0,1,0,1,1,1,1,1,1,0,1,1,0,1,1,1,1,1,1,1,0,0,1,1,1,0,1,0,1,0,1,1,1,0,0,0,1,0,1,0,1,1,0,0,0,1,0,1,1,1,1,1,1,0,1,0,1,1,1,1,0,0,0,1,1,1,1,0,0,1,1,1,0,1,1,1,1,0,0,1,1,1,0,0,1,0,0,0,1,1,1,1,0,1,0,0,1,1,1,0,1,1,0,0,1,1,0,1,0,1,0,0,1,1,1,0,1,1,1,0,1,1,1,1,1,1,0
Elementary criteria impacts:	161.0 260.0,196.0 305.0,136.0 233.0,589.0 902.0,551.0 832.0,519.0 795.0,240.0 376.0,145.0 237.0,403.0 644.0,70.0 70.0,34.0 34.0,-3.4956291E7 -2.3304178E7,-86.0 -86.0

RESTART 14
Generation 1 2 3 4 5 6 7 8 9 10 11 12 13 14 15 16 17 18 19 20 21 22 23 24 25 26 27 28 29 30 31 32 33 34 35 36 37 38 39 40 41 42 43 44 45 46 47 48 49 50 51 52 53 54 55 56 57 58 59 60 61 62 63 64 65 66 67 68 69 70 71 72 73 74 75 76 77 78 79 80 81 82 83 84 85 86 87 88 89 90 91 92 93 94 95 96 97 98 99 100 101 102 103 104 105 106 107 108 109 110 111 112 113 114 115 116 117 118 119 120 121 122 123 124 125 126 127 128 129 130 131 132 133 134 135 136 137 138 139 140 141 142 143 144 145 146 147 148 149 150 151 152 153 154 155 156 157 158 159 160 161 162 163 164 165 166 167 168 169 170 171 172 173 174 175 176 177 178 179 180 181 182 183 184 185 186 187 188 189 190 191 192 193 194 195 196 197 198 199 200 

New best:
Fitness:	0.5517701059325388
Constraint violations:	0.0
Portfolio:	1,1,1,0,1,1,1,0,1,1,1,0,1,1,0,1,1,1,1,1,0,1,1,0,1,1,0,0,1,1,1,1,0,1,1,1,0,0,1,0,1,1,0,1,1,0,0,1,1,0,1,1,0,1,1,1,1,1,0,0,1,1,0,1,0,1,1,1,1,1,1,0,1,1,0,1,1,0,1,1,1,1,0,0,1,1,1,0,1,0,1,0,1,0,1,0,0,0,1,0,1,0,1,1,0,0,0,1,1,1,1,1,1,1,1,0,1,0,1,1,1,1,0,0,0,1,0,1,1,0,0,1,1,1,0,1,1,1,1,0,0,1,1,1,0,0,1,0,0,0,1,1,1,1,0,1,0,0,1,1,1,0,1,1,0,0,1,1,0,1,0,1,0,0,1,1,1,0,1,1,1,1,1,1,1,1,1,1,0
Elementary criteria impacts:	159.0 258.0,198.0 308.0,138.0 235.0,589.0 903.0,544.0 821.0,512.0 784.0,236.0 370.0,146.0 237.0,406.0 647.0,70.0 70.0,32.0 32.0,-3.4939181E7 -2.3292772E7,-86.0 -86.0

RESTART 15
Generation 1 2 3 4 5 6 7 8 9 10 11 12 13 14 15 16 17 18 19 20 21 22 23 24 25 26 27 28 29 30 31 32 33 34 35 36 37 38 39 40 41 42 43 44 45 46 47 48 49 50 51 52 53 54 55 56 57 58 59 60 61 62 63 64 65 66 67 68 69 70 71 72 73 74 75 76 77 78 79 80 81 82 83 84 85 86 87 88 89 90 91 92 93 94 95 96 97 98 99 100 101 102 103 104 105 106 107 108 109 110 111 112 113 114 115 116 117 118 119 120 121 122 123 124 125 126 127 128 129 130 131 132 133 134 135 136 137 138 139 140 141 142 143 144 145 146 147 148 149 150 151 152 153 154 155 156 157 158 159 160 161 162 163 164 165 166 167 168 169 170 171 172 173 174 175 176 177 178 179 180 181 182 183 184 185 186 187 188 189 190 191 192 193 194 195 196 197 198 199 200 

New best:
Fitness:	0.5337759578471597
Constraint violations:	0.0
Portfolio:	1,1,1,0,1,1,1,0,1,1,1,1,1,1,0,1,1,1,1,0,0,1,1,0,1,1,0,0,1,1,1,0,0,1,1,1,0,0,1,0,1,1,0,1,1,0,0,1,1,0,1,1,0,1,1,1,1,0,0,0,1,1,0,1,0,1,1,1,1,1,1,0,1,1,0,1,1,1,1,1,1,1,0,0,1,1,1,0,1,0,1,0,1,1,1,0,0,0,1,0,1,0,1,1,0,0,0,1,0,1,1,1,1,1,1,0,1,0,1,1,1,1,0,0,0,1,1,1,1,0,0,1,1,1,0,1,1,1,1,0,0,1,1,1,0,0,1,0,0,0,1,1,1,1,0,1,0,0,1,1,1,0,1,1,0,0,1,1,0,1,0,1,0,1,1,1,1,0,1,1,1,0,1,1,1,1,1,1,0
Elementary criteria impacts:	162.0 260.0,201.0 310.0,135.0 233.0,589.0 902.0,549.0 830.0,520.0 798.0,235.0 369.0,144.0 235.0,399.0 638.0,70.0 70.0,33.0 33.0,-3.4968199E7 -2.3312116E7,-86.0 -86.0

RESTART 16
Generation 1 2 3 4 5 6 7 8 9 10 11 12 13 14 15 16 17 18 19 20 21 22 23 24 25 26 27 28 29 30 31 32 33 34 35 36 37 38 39 40 41 42 43 44 45 46 47 48 49 50 51 52 53 54 55 56 57 58 59 60 61 62 63 64 65 66 67 68 69 70 71 72 73 74 75 76 77 78 79 80 81 82 83 84 85 86 87 88 89 90 91 92 93 94 95 96 97 98 99 100 101 102 103 104 105 106 107 108 109 110 111 112 113 114 115 116 117 118 119 120 121 122 123 124 125 126 127 128 129 130 131 132 133 134 135 136 137 138 139 140 141 142 143 144 145 146 147 148 149 150 151 152 153 154 155 156 157 158 159 160 161 162 163 164 165 166 167 168 169 170 171 172 173 174 175 176 177 178 179 180 181 182 183 184 185 186 187 188 189 190 191 192 193 194 195 196 197 198 199 200 

New best:
Fitness:	0.5343389411109405
Constraint violations:	0.0
Portfolio:	0,1,1,0,1,1,1,1,1,1,1,1,1,1,0,1,1,1,1,0,0,1,1,0,1,1,0,0,1,1,1,0,0,1,1,1,0,0,1,0,1,1,0,1,1,0,0,1,1,0,1,1,0,1,1,1,1,0,0,0,1,1,0,1,0,1,1,1,1,1,1,0,1,1,0,1,1,1,1,1,1,1,0,0,1,1,1,0,1,0,1,0,1,1,1,0,0,0,1,0,1,0,1,1,0,0,0,1,1,1,1,1,1,1,1,0,1,0,1,1,1,1,0,0,0,1,0,1,1,0,0,1,1,1,0,1,1,1,1,0,0,1,1,1,0,0,1,0,0,0,1,1,1,1,1,1,0,0,1,1,1,0,1,1,0,0,1,1,0,1,0,1,0,0,1,1,1,0,1,1,1,1,0,1,1,1,1,1,0
Elementary criteria impacts:	164.0 263.0,205.0 315.0,135.0 233.0,594.0 910.0,541.0 816.0,510.0 783.0,223.0 352.0,144.0 235.0,400.0 639.0,70.0 70.0,32.0 32.0,-3.4974679E7 -2.3316437E7,-86.0 -86.0

RESTART 17
Generation 1 2 3 4 5 6 7 8 9 10 11 12 13 14 15 16 17 18 19 20 21 22 23 24 25 26 27 28 29 30 31 32 33 34 35 36 37 38 39 40 41 42 43 44 45 46 47 48 49 50 51 52 53 54 55 56 57 58 59 60 61 62 63 64 65 66 67 68 69 70 71 72 73 74 75 76 77 78 79 80 81 82 83 84 85 86 87 88 89 90 91 92 93 94 95 96 97 98 99 100 101 102 103 104 105 106 107 108 109 110 111 112 113 114 115 116 117 118 119 120 121 122 123 124 125 126 127 128 129 130 131 132 133 134 135 136 137 138 139 140 141 142 143 144 145 146 147 148 149 150 151 152 153 154 155 156 157 158 159 160 161 162 163 164 165 166 167 168 169 170 171 172 173 174 175 176 177 178 179 180 181 182 183 184 185 186 187 188 189 190 191 192 193 194 195 196 197 198 199 200 

New best:
Fitness:	0.5295934602605654
Constraint violations:	0.0
Portfolio:	1,1,1,1,1,1,1,0,1,0,1,1,1,1,0,1,1,1,1,0,0,1,1,0,1,1,0,0,1,1,1,0,0,1,1,1,0,0,1,0,1,1,0,1,1,0,0,1,1,0,1,1,0,1,1,1,1,0,0,0,1,1,0,1,0,1,1,1,1,1,1,0,1,1,0,1,1,1,1,1,1,1,0,0,1,1,1,0,1,0,1,0,1,1,1,0,0,0,1,0,1,0,1,1,0,0,0,1,0,1,1,1,1,1,1,0,1,0,1,1,1,1,0,0,0,1,0,1,1,0,0,1,1,1,0,1,1,1,1,0,0,1,1,1,0,0,1,0,0,0,1,1,1,1,0,1,0,0,1,1,1,0,1,1,0,0,1,1,0,1,0,1,0,1,1,1,1,0,1,1,1,0,1,1,1,1,1,1,0
Elementary criteria impacts:	159.0 256.0,203.0 313.0,135.0 232.0,579.0 888.0,542.0 820.0,519.0 796.0,234.0 367.0,140.0 229.0,399.0 637.0,70.0 70.0,32.0 32.0,-3.4768903E7 -2.3179252E7,-86.0 -86.0

RESTART 18
Generation 1 2 3 4 5 6 7 8 9 10 11 12 13 14 15 16 17 18 19 20 21 22 23 24 25 26 27 28 29 30 31 32 33 34 35 36 37 38 39 40 41 42 43 44 45 46 47 48 49 50 51 52 53 54 55 56 57 58 59 60 61 62 63 64 65 66 67 68 69 70 71 72 73 74 75 76 77 78 79 80 81 82 83 84 85 86 87 88 89 90 91 92 93 94 95 96 97 98 99 100 101 102 103 104 105 106 107 108 109 110 111 112 113 114 115 116 117 118 119 120 121 122 123 124 125 126 127 128 129 130 131 132 133 134 135 136 137 138 139 140 141 142 143 144 145 146 147 148 149 150 151 152 153 154 155 156 157 158 159 160 161 162 163 164 165 166 167 168 169 170 171 172 173 174 175 176 177 178 179 180 181 182 183 184 185 186 187 188 189 190 191 192 193 194 195 196 197 198 199 200 

New best:
Fitness:	0.5311488539913517
Constraint violations:	0.0
Portfolio:	1,1,0,1,1,1,1,0,1,1,1,1,1,1,0,1,1,1,1,1,0,1,1,0,1,1,0,0,1,1,1,0,0,1,1,1,0,0,1,0,1,1,0,1,1,0,0,1,1,0,1,1,0,1,1,1,1,0,0,0,1,1,0,1,0,1,1,1,1,1,1,0,1,1,0,1,1,1,1,1,1,1,0,0,0,1,1,0,1,0,1,0,1,1,1,0,0,0,1,0,1,0,1,1,0,0,0,1,0,1,1,1,1,1,1,1,1,0,1,1,1,1,0,0,0,1,0,1,1,0,0,1,1,1,0,1,1,1,1,0,0,1,1,1,0,0,1,0,0,0,1,1,1,1,0,1,0,0,1,1,0,0,1,1,0,1,1,1,0,1,0,1,0,1,1,1,1,0,1,1,1,1,1,1,0,1,1,1,0
Elementary criteria impacts:	162.0 261.0,206.0 317.0,139.0 237.0,568.0 873.0,555.0 839.0,520.0 797.0,235.0 370.0,146.0 236.0,401.0 640.0,70.0 70.0,32.0 32.0,-3.4936942E7 -2.3291279E7,-86.0 -86.0

RESTART 19
Generation 1 2 3 4 5 6 7 8 9 10 11 12 13 14 15 16 17 18 19 20 21 22 23 24 25 26 27 28 29 30 31 32 33 34 35 36 37 38 39 40 41 42 43 44 45 46 47 48 49 50 51 52 53 54 55 56 57 58 59 60 61 62 63 64 65 66 67 68 69 70 71 72 73 74 75 76 77 78 79 80 81 82 83 84 85 86 87 88 89 90 91 92 93 94 95 96 97 98 99 100 101 102 103 104 105 106 107 108 109 110 111 112 113 114 115 116 117 118 119 120 121 122 123 124 125 126 127 128 129 130 131 132 133 134 135 136 137 138 139 140 141 142 143 144 145 146 147 148 149 150 151 152 153 154 155 156 157 158 159 160 161 162 163 164 165 166 167 168 169 170 171 172 173 174 175 176 177 178 179 180 181 182 183 184 185 186 187 188 189 190 191 192 193 194 195 196 197 198 199 200 

New best:
Fitness:	0.5378333179179683
Constraint violations:	0.0
Portfolio:	0,1,1,0,1,1,1,1,1,0,1,1,1,1,0,1,1,1,1,1,0,1,1,0,1,1,0,0,1,1,1,0,0,1,1,1,0,0,1,0,1,1,0,1,1,0,0,1,1,0,1,1,0,1,1,1,1,0,0,0,1,1,0,1,0,1,1,1,1,1,1,0,1,1,0,1,1,1,1,1,1,1,0,0,1,1,1,0,1,0,1,0,1,1,1,0,0,0,1,0,1,0,1,1,0,0,0,1,0,1,1,1,1,1,1,0,1,0,1,1,1,1,0,0,0,1,0,1,1,0,0,1,1,1,0,1,1,1,1,0,0,1,1,1,0,0,1,0,0,0,1,1,1,1,1,1,0,0,1,1,1,0,0,1,0,0,1,1,1,1,0,1,0,0,1,1,1,0,1,1,1,0,1,1,1,1,1,1,0
Elementary criteria impacts:	166.0 265.0,204.0 314.0,132.0 229.0,588.0 901.0,535.0 807.0,506.0 776.0,228.0 359.0,139.0 229.0,404.0 643.0,71.0 71.0,32.0 32.0,-3.4965839E7 -2.3310544E7,-87.0 -87.0

RESTART 20
Generation 1 2 3 4 5 6 7 8 9 10 11 12 13 14 15 16 17 18 19 20 21 22 23 24 25 26 27 28 29 30 31 32 33 34 35 36 37 38 39 40 41 42 43 44 45 46 47 48 49 50 51 52 53 54 55 56 57 58 59 60 61 62 63 64 65 66 67 68 69 70 71 72 73 74 75 76 77 78 79 80 81 82 83 84 85 86 87 88 89 90 91 92 93 94 95 96 97 98 99 100 101 102 103 104 105 106 107 108 109 110 111 112 113 114 115 116 117 118 119 120 121 122 123 124 125 126 127 128 129 130 131 132 133 134 135 136 137 138 139 140 141 142 143 144 145 146 147 148 149 150 151 152 153 154 155 156 157 158 159 160 161 162 163 164 165 166 167 168 169 170 171 172 173 174 175 176 177 178 179 180 181 182 183 184 185 186 187 188 189 190 191 192 193 194 195 196 197 198 199 200 

New best:
Fitness:	0.5376534730326451
Constraint violations:	0.0
Portfolio:	1,1,1,0,1,1,1,0,1,1,1,1,1,1,0,1,1,1,1,1,0,1,1,0,1,1,0,0,1,1,1,0,0,1,1,1,0,0,1,0,1,1,0,1,1,0,0,1,1,0,1,1,0,1,1,1,1,0,0,0,1,1,0,1,0,1,1,1,1,1,1,0,1,1,0,1,1,0,1,1,1,1,0,0,1,1,1,0,1,0,1,0,1,1,1,0,0,0,1,0,1,0,1,1,0,0,0,1,1,1,1,1,1,1,1,0,1,0,1,1,1,1,0,0,0,1,0,1,1,0,0,1,1,1,1,1,1,1,1,0,0,1,1,1,0,0,1,0,0,0,1,1,1,1,0,1,0,0,1,1,1,0,1,1,0,0,1,1,0,1,0,1,0,1,1,1,1,0,1,1,1,0,0,1,1,1,1,1,0
Elementary criteria impacts:	159.0 257.0,202.0 312.0,140.0 238.0,582.0 892.0,547.0 825.0,513.0 788.0,235.0 369.0,148.0 240.0,404.0 644.0,70.0 70.0,31.0 31.0,-3.4868573E7 -2.3245699E7,-86.0 -86.0

RESTART 21
Generation 1 2 3 4 5 6 7 8 9 10 11 12 13 14 15 16 17 18 19 20 21 22 23 24 25 26 27 28 29 30 31 32 33 34 35 36 37 38 39 40 41 42 43 44 45 46 47 48 49 50 51 52 53 54 55 56 57 58 59 60 61 62 63 64 65 66 67 68 69 70 71 72 73 74 75 76 77 78 79 80 81 82 83 84 85 86 87 88 89 90 91 92 93 94 95 96 97 98 99 100 101 102 103 104 105 106 107 108 109 110 111 112 113 114 115 116 117 118 119 120 121 122 123 124 125 126 127 128 129 130 131 132 133 134 135 136 137 138 139 140 141 142 143 144 145 146 147 148 149 150 151 152 153 154 155 156 157 158 159 160 161 162 163 164 165 166 167 168 169 170 171 172 173 174 175 176 177 178 179 180 181 182 183 184 185 186 187 188 189 190 191 192 193 194 195 196 197 198 199 200 

New best:
Fitness:	0.5456115655236937
Constraint violations:	0.0
Portfolio:	1,1,1,0,1,1,1,0,1,1,1,1,1,1,0,1,1,1,1,1,0,1,1,0,1,1,0,0,1,1,1,1,0,1,1,1,0,0,1,0,1,1,0,1,1,0,0,1,1,0,1,1,0,1,1,1,1,0,0,0,1,1,0,1,0,1,1,1,1,1,1,0,1,1,0,1,1,1,1,1,1,1,0,0,1,1,1,0,1,0,1,0,1,1,1,0,0,0,1,0,1,0,1,1,0,0,0,1,1,1,1,1,1,1,1,0,1,0,1,1,1,1,0,0,0,1,0,1,1,0,0,1,1,1,0,1,1,1,1,0,0,1,1,1,0,0,1,0,0,0,1,1,1,1,0,1,0,0,1,1,1,0,1,1,0,0,1,1,0,1,0,1,0,0,1,1,1,0,1,1,1,0,1,1,1,1,0,1,0
Elementary criteria impacts:	164.0 263.0,201.0 311.0,139.0 237.0,584.0 894.0,541.0 817.0,519.0 795.0,235.0 369.0,141.0 231.0,402.0 641.0,71.0 71.0,32.0 32.0,-3.4961733E7 -2.3307807E7,-87.0 -87.0

RESTART 22
Generation 1 2 3 4 5 6 7 8 9 10 11 12 13 14 15 16 17 18 19 20 21 22 23 24 25 26 27 28 29 30 31 32 33 34 35 36 37 38 39 40 41 42 43 44 45 46 47 48 49 50 51 52 53 54 55 56 57 58 59 60 61 62 63 64 65 66 67 68 69 70 71 72 73 74 75 76 77 78 79 80 81 82 83 84 85 86 87 88 89 90 91 92 93 94 95 96 97 98 99 100 101 102 103 104 105 106 107 108 109 110 111 112 113 114 115 116 117 118 119 120 121 122 123 124 125 126 127 128 129 130 131 132 133 134 135 136 137 138 139 140 141 142 143 144 145 146 147 148 149 150 151 152 153 154 155 156 157 158 159 160 161 162 163 164 165 166 167 168 169 170 171 172 173 174 175 176 177 178 179 180 181 182 183 184 185 186 187 188 189 190 191 192 193 194 195 196 197 198 199 200 

New best:
Fitness:	0.524475716764545
Constraint violations:	0.0
Portfolio:	1,1,1,0,1,1,1,0,1,1,1,1,1,1,0,1,1,1,1,1,0,1,1,0,1,1,0,0,1,1,1,0,0,1,1,1,0,0,1,0,1,1,0,1,1,0,0,1,1,0,1,1,0,1,1,1,1,0,0,0,1,1,0,1,0,1,1,1,1,1,1,0,1,1,0,1,1,1,1,1,1,1,0,0,1,1,1,0,1,0,1,0,1,1,1,0,0,0,0,0,1,0,1,1,0,0,0,1,1,1,1,1,1,1,1,0,1,0,1,1,1,1,0,0,0,1,0,1,1,0,0,1,1,1,0,1,1,1,1,0,0,1,1,1,0,0,1,0,0,0,1,1,1,1,0,1,0,0,1,1,1,0,1,1,0,0,1,1,1,1,0,1,0,0,1,1,1,0,1,1,1,1,0,1,1,1,1,1,0
Elementary criteria impacts:	165.0 264.0,206.0 316.0,138.0 237.0,587.0 900.0,544.0 822.0,514.0 788.0,228.0 358.0,144.0 235.0,397.0 633.0,70.0 70.0,32.0 32.0,-3.4962693E7 -2.3308447E7,-86.0 -86.0

RESTART 23
Generation 1 2 3 4 5 6 7 8 9 10 11 12 13 14 15 16 17 18 19 20 21 22 23 24 25 26 27 28 29 30 31 32 33 34 35 36 37 38 39 40 41 42 43 44 45 46 47 48 49 50 51 52 53 54 55 56 57 58 59 60 61 62 63 64 65 66 67 68 69 70 71 72 73 74 75 76 77 78 79 80 81 82 83 84 85 86 87 88 89 90 91 92 93 94 95 96 97 98 99 100 101 102 103 104 105 106 107 108 109 110 111 112 113 114 115 116 117 118 119 120 121 122 123 124 125 126 127 128 129 130 131 132 133 134 135 136 137 138 139 140 141 142 143 144 145 146 147 148 149 150 151 152 153 154 155 156 157 158 159 160 161 162 163 164 165 166 167 168 169 170 171 172 173 174 175 176 177 178 179 180 181 182 183 184 185 186 187 188 189 190 191 192 193 194 195 196 197 198 199 200 

New best:
Fitness:	0.5408071277599364
Constraint violations:	0.0
Portfolio:	0,1,1,0,1,1,1,0,1,1,1,1,1,1,0,1,1,1,1,1,0,1,1,0,1,1,0,0,1,1,1,0,0,1,1,1,0,0,1,0,1,1,0,1,1,0,0,1,1,0,1,1,0,1,1,1,1,0,0,0,1,1,0,1,0,1,1,1,1,1,1,0,1,1,0,1,1,1,1,1,1,1,0,0,1,1,1,0,1,0,1,0,1,0,1,0,0,0,1,0,1,0,1,1,0,0,0,1,1,1,1,1,1,1,1,0,1,0,1,1,1,1,0,0,0,1,0,1,1,0,0,1,1,1,0,1,1,1,1,0,0,1,1,1,0,0,1,0,0,0,1,1,1,1,1,1,0,0,1,1,1,0,1,1,0,0,1,1,1,1,0,1,0,0,1,1,1,0,1,1,1,1,0,1,1,1,1,1,0
Elementary criteria impacts:	164.0 263.0,204.0 314.0,134.0 232.0,597.0 915.0,539.0 813.0,501.0 769.0,223.0 351.0,145.0 237.0,401.0 640.0,70.0 70.0,32.0 32.0,-3.4989559E7 -2.3326357E7,-86.0 -86.0

RESTART 24
Generation 1 2 3 4 5 6 7 8 9 10 11 12 13 14 15 16 17 18 19 20 21 22 23 24 25 26 27 28 29 30 31 32 33 34 35 36 37 38 39 40 41 42 43 44 45 46 47 48 49 50 51 52 53 54 55 56 57 58 59 60 61 62 63 64 65 66 67 68 69 70 71 72 73 74 75 76 77 78 79 80 81 82 83 84 85 86 87 88 89 90 91 92 93 94 95 96 97 98 99 100 101 102 103 104 105 106 107 108 109 110 111 112 113 114 115 116 117 118 119 120 121 122 123 124 125 126 127 128 129 130 131 132 133 134 135 136 137 138 139 140 141 142 143 144 145 146 147 148 149 150 151 152 153 154 155 156 157 158 159 160 161 162 163 164 165 166 167 168 169 170 171 172 173 174 175 176 177 178 179 180 181 182 183 184 185 186 187 188 189 190 191 192 193 194 195 196 197 198 199 200 

New best:
Fitness:	0.5488607959259917
Constraint violations:	0.0
Portfolio:	1,1,1,0,1,1,1,1,1,1,1,1,1,1,0,1,0,1,1,1,0,1,1,0,1,1,0,0,1,1,1,0,0,1,1,1,0,0,1,0,1,1,0,1,1,0,0,1,1,0,1,1,0,1,1,1,1,0,0,0,1,1,1,1,0,1,1,1,1,1,1,0,1,1,0,1,1,0,1,1,1,1,0,0,1,1,1,0,1,0,1,0,1,1,1,0,0,0,1,0,1,0,1,1,0,0,0,1,0,1,1,1,1,1,1,0,1,0,1,1,1,1,0,0,0,1,0,1,1,0,0,1,1,1,0,1,1,1,1,0,0,1,1,1,0,0,1,0,0,0,1,1,1,1,0,1,0,0,1,1,1,0,1,1,0,0,1,1,1,1,0,1,0,0,1,1,1,0,1,1,1,1,0,1,1,1,1,1,0
Elementary criteria impacts:	159.0 258.0,205.0 315.0,142.0 240.0,585.0 898.0,537.0 811.0,519.0 795.0,229.0 361.0,146.0 238.0,400.0 638.0,70.0 70.0,31.0 31.0,-3.4987588E7 -2.3325044E7,-86.0 -86.0

RESTART 25
Generation 1 2 3 4 5 6 7 8 9 10 11 12 13 14 15 16 17 18 19 20 21 22 23 24 25 26 27 28 29 30 31 32 33 34 35 36 37 38 39 40 41 42 43 44 45 46 47 48 49 50 51 52 53 54 55 56 57 58 59 60 61 62 63 64 65 66 67 68 69 70 71 72 73 74 75 76 77 78 79 80 81 82 83 84 85 86 87 88 89 90 91 92 93 94 95 96 97 98 99 100 101 102 103 104 105 106 107 108 109 110 111 112 113 114 115 116 117 118 119 120 121 122 123 124 125 126 127 128 129 130 131 132 133 134 135 136 137 138 139 140 141 142 143 144 145 146 147 148 149 150 151 152 153 154 155 156 157 158 159 160 161 162 163 164 165 166 167 168 169 170 171 172 173 174 175 176 177 178 179 180 181 182 183 184 185 186 187 188 189 190 191 192 193 194 195 196 197 198 199 200 

New best:
Fitness:	0.5339167099996562
Constraint violations:	0.0
Portfolio:	1,1,1,0,1,1,1,0,1,1,1,0,1,1,0,1,1,1,1,1,0,1,1,0,1,1,0,0,1,1,1,1,0,1,1,1,0,0,1,0,1,1,0,1,0,0,0,1,1,0,1,0,0,1,1,1,1,0,0,0,1,1,0,1,0,1,1,1,1,1,1,0,1,1,0,1,1,1,1,1,1,1,0,0,1,1,1,0,1,0,1,0,1,0,0,0,0,0,1,0,1,0,1,1,0,0,0,1,1,1,1,1,1,1,1,0,1,0,1,1,1,1,0,0,0,1,1,1,1,0,0,1,1,1,0,1,1,1,1,0,0,1,1,1,0,1,1,0,0,0,1,1,1,1,1,1,0,0,1,1,0,1,1,1,0,0,1,1,0,1,0,1,0,0,1,1,1,0,1,1,1,0,1,1,1,1,1,1,0
Elementary criteria impacts:	162.0 260.0,189.0 296.0,137.0 234.0,603.0 921.0,530.0 801.0,490.0 753.0,234.0 367.0,140.0 230.0,393.0 628.0,70.0 70.0,33.0 33.0,-3.4910949E7 -2.3273949E7,-85.0 -85.0

RESTART 26
Generation 1 2 3 4 5 6 7 8 9 10 11 12 13 14 15 16 17 18 19 20 21 22 23 24 25 26 27 28 29 30 31 32 33 34 35 36 37 38 39 40 41 42 43 44 45 46 47 48 49 50 51 52 53 54 55 56 57 58 59 60 61 62 63 64 65 66 67 68 69 70 71 72 73 74 75 76 77 78 79 80 81 82 83 84 85 86 87 88 89 90 91 92 93 94 95 96 97 98 99 100 101 102 103 104 105 106 107 108 109 110 111 112 113 114 115 116 117 118 119 120 121 122 123 124 125 126 127 128 129 130 131 132 133 134 135 136 137 138 139 140 141 142 143 144 145 146 147 148 149 150 151 152 153 154 155 156 157 158 159 160 161 162 163 164 165 166 167 168 169 170 171 172 173 174 175 176 177 178 179 180 181 182 183 184 185 186 187 188 189 190 191 192 193 194 195 196 197 198 199 200 

New best:
Fitness:	0.5491341170855154
Constraint violations:	0.0
Portfolio:	1,1,1,0,1,1,1,0,1,1,1,1,1,1,0,1,1,1,1,1,0,1,1,0,1,1,0,0,1,1,1,0,0,1,1,1,0,0,1,0,1,1,0,1,1,0,0,1,1,0,1,1,0,1,1,1,1,0,0,0,1,1,0,1,0,1,1,1,1,1,1,0,1,1,0,1,1,1,1,1,1,1,0,0,1,1,1,0,1,0,1,0,1,1,1,0,0,0,1,0,1,0,1,1,0,0,0,1,0,1,1,1,1,1,1,0,1,0,1,1,1,1,0,0,0,1,0,1,0,0,0,1,1,1,0,1,1,1,1,0,1,1,1,1,0,0,1,0,0,0,1,1,1,1,0,1,0,0,1,1,1,0,1,1,0,0,1,1,0,1,0,1,0,1,1,1,1,0,1,1,1,0,1,1,1,1,1,1,0
Elementary criteria impacts:	163.0 261.0,205.0 316.0,139.0 238.0,575.0 882.0,549.0 829.0,523.0 801.0,235.0 370.0,145.0 236.0,403.0 644.0,70.0 70.0,31.0 31.0,-3.4856724E7 -2.32378E7,-86.0 -86.0

RESTART 27
Generation 1 2 3 4 5 6 7 8 9 10 11 12 13 14 15 16 17 18 19 20 21 22 23 24 25 26 27 28 29 30 31 32 33 34 35 36 37 38 39 40 41 42 43 44 45 46 47 48 49 50 51 52 53 54 55 56 57 58 59 60 61 62 63 64 65 66 67 68 69 70 71 72 73 74 75 76 77 78 79 80 81 82 83 84 85 86 87 88 89 90 91 92 93 94 95 96 97 98 99 100 101 102 103 104 105 106 107 108 109 110 111 112 113 114 115 116 117 118 119 120 121 122 123 124 125 126 127 128 129 130 131 132 133 134 135 136 137 138 139 140 141 142 143 144 145 146 147 148 149 150 151 152 153 154 155 156 157 158 159 160 161 162 163 164 165 166 167 168 169 170 171 172 173 174 175 176 177 178 179 180 181 182 183 184 185 186 187 188 189 190 191 192 193 194 195 196 197 198 199 200 

New best:
Fitness:	0.534777963517123
Constraint violations:	0.0
Portfolio:	1,1,1,0,1,1,1,0,1,1,1,1,1,1,0,1,1,1,1,0,0,1,1,0,1,1,0,0,1,1,1,1,0,1,1,1,0,0,1,0,1,1,0,1,1,0,0,1,1,0,1,1,0,1,1,1,1,0,0,0,1,1,0,1,0,1,1,1,1,1,1,0,1,1,0,1,1,1,1,1,1,1,0,0,1,1,1,0,1,0,1,0,1,0,1,0,0,0,1,0,1,0,1,1,0,0,0,1,1,1,1,1,1,1,1,0,1,0,1,1,1,1,0,0,0,1,0,1,1,0,0,1,1,1,0,1,1,1,1,0,0,1,1,1,0,1,1,0,0,0,1,1,1,1,0,1,0,0,1,1,0,0,1,1,0,0,1,1,0,1,1,1,0,0,1,1,1,0,1,1,1,1,0,1,1,1,1,1,0
Elementary criteria impacts:	161.0 260.0,199.0 308.0,137.0 234.0,601.0 917.0,541.0 817.0,507.0 778.0,223.0 353.0,144.0 234.0,393.0 629.0,70.0 70.0,32.0 32.0,-3.4914752E7 -2.3276486E7,-86.0 -86.0

RESTART 28
Generation 1 2 3 4 5 6 7 8 9 10 11 12 13 14 15 16 17 18 19 20 21 22 23 24 25 26 27 28 29 30 31 32 33 34 35 36 37 38 39 40 41 42 43 44 45 46 47 48 49 50 51 52 53 54 55 56 57 58 59 60 61 62 63 64 65 66 67 68 69 70 71 72 73 74 75 76 77 78 79 80 81 82 83 84 85 86 87 88 89 90 91 92 93 94 95 96 97 98 99 100 101 102 103 104 105 106 107 108 109 110 111 112 113 114 115 116 117 118 119 120 121 122 123 124 125 126 127 128 129 130 131 132 133 134 135 136 137 138 139 140 141 142 143 144 145 146 147 148 149 150 151 152 153 154 155 156 157 158 159 160 161 162 163 164 165 166 167 168 169 170 171 172 173 174 175 176 177 178 179 180 181 182 183 184 185 186 187 188 189 190 191 192 193 194 195 196 197 198 199 200 

New best:
Fitness:	0.5414989035211558
Constraint violations:	0.0
Portfolio:	0,1,1,0,1,1,1,1,1,1,1,1,1,1,0,1,1,1,1,1,0,1,1,0,1,1,0,0,1,1,1,0,0,1,1,1,0,0,1,0,1,1,0,1,1,0,0,1,1,0,1,1,0,1,1,1,1,0,0,0,1,1,0,1,0,1,1,1,1,1,1,0,1,1,0,1,1,1,1,1,1,1,0,0,1,1,1,0,1,0,1,0,1,1,1,0,0,0,1,0,1,0,1,1,0,0,0,1,0,1,1,1,1,1,1,0,1,0,1,1,1,1,0,0,0,1,0,1,1,0,0,1,1,1,0,1,1,1,1,0,0,1,1,1,0,0,1,0,0,0,1,1,1,1,0,1,0,0,1,1,1,0,1,1,0,0,1,1,0,1,0,1,0,1,1,1,1,0,1,1,1,1,0,1,1,1,1,1,0
Elementary criteria impacts:	161.0 259.0,205.0 315.0,139.0 237.0,586.0 898.0,545.0 823.0,514.0 789.0,231.0 364.0,148.0 240.0,403.0 644.0,70.0 70.0,32.0 32.0,-3.4978872E7 -2.3319232E7,-86.0 -86.0

RESTART 29
Generation 1 2 3 4 5 6 7 8 9 10 11 12 13 14 15 16 17 18 19 20 21 22 23 24 25 26 27 28 29 30 31 32 33 34 35 36 37 38 39 40 41 42 43 44 45 46 47 48 49 50 51 52 53 54 55 56 57 58 59 60 61 62 63 64 65 66 67 68 69 70 71 72 73 74 75 76 77 78 79 80 81 82 83 84 85 86 87 88 89 90 91 92 93 94 95 96 97 98 99 100 101 102 103 104 105 106 107 108 109 110 111 112 113 114 115 116 117 118 119 120 121 122 123 124 125 126 127 128 129 130 131 132 133 134 135 136 137 138 139 140 141 142 143 144 145 146 147 148 149 150 151 152 153 154 155 156 157 158 159 160 161 162 163 164 165 166 167 168 169 170 171 172 173 174 175 176 177 178 179 180 181 182 183 184 185 186 187 188 189 190 191 192 193 194 195 196 197 198 199 200 

New best:
Fitness:	0.5360687089196762
Constraint violations:	0.0
Portfolio:	1,1,1,0,1,1,1,0,1,1,1,1,1,1,0,1,1,1,1,1,0,1,1,0,1,1,0,0,0,1,1,0,0,1,1,1,0,0,1,0,1,1,0,1,1,0,0,1,1,0,1,1,0,1,1,1,1,1,0,0,1,1,0,1,0,1,1,1,1,1,1,0,1,1,0,1,1,1,1,1,1,1,0,0,1,1,1,0,1,0,1,0,1,1,1,0,0,0,1,0,1,0,1,1,0,0,0,1,0,1,1,1,1,1,1,0,1,0,1,1,1,1,0,0,0,1,0,1,1,0,0,1,1,1,0,1,1,1,1,0,0,1,1,1,0,0,1,0,0,0,1,1,1,1,1,1,0,0,1,1,0,0,1,1,0,0,1,1,0,1,0,1,0,1,1,1,1,0,1,1,1,1,0,1,1,1,1,1,0
Elementary criteria impacts:	159.0 257.0,201.0 311.0,135.0 232.0,591.0 905.0,551.0 832.0,517.0 793.0,232.0 364.0,149.0 242.0,405.0 647.0,70.0 70.0,33.0 33.0,-3.4997024E7 -2.3331333E7,-86.0 -86.0

RESTART 30
Generation 1 2 3 4 5 6 7 8 9 10 11 12 13 14 15 16 17 18 19 20 21 22 23 24 25 26 27 28 29 30 31 32 33 34 35 36 37 38 39 40 41 42 43 44 45 46 47 48 49 50 51 52 53 54 55 56 57 58 59 60 61 62 63 64 65 66 67 68 69 70 71 72 73 74 75 76 77 78 79 80 81 82 83 84 85 86 87 88 89 90 91 92 93 94 95 96 97 98 99 100 101 102 103 104 105 106 107 108 109 110 111 112 113 114 115 116 117 118 119 120 121 122 123 124 125 126 127 128 129 130 131 132 133 134 135 136 137 138 139 140 141 142 143 144 145 146 147 148 149 150 151 152 153 154 155 156 157 158 159 160 161 162 163 164 165 166 167 168 169 170 171 172 173 174 175 176 177 178 179 180 181 182 183 184 185 186 187 188 189 190 191 192 193 194 195 196 197 198 199 200 

New best:
Fitness:	0.5369938423282714
Constraint violations:	0.0
Portfolio:	1,1,1,0,1,1,1,0,1,1,1,1,1,1,0,1,1,1,1,1,0,0,1,0,1,1,0,0,1,1,1,1,0,1,1,1,0,0,1,0,1,1,0,1,1,0,0,1,1,0,1,1,0,1,1,1,1,0,0,0,1,1,0,1,0,1,1,1,1,1,1,0,1,1,0,1,1,1,1,1,1,1,0,0,0,1,1,0,1,0,1,0,1,1,1,0,0,0,1,0,1,0,1,1,0,1,0,1,0,1,1,1,1,1,1,0,1,0,1,1,1,1,0,0,0,1,0,1,1,0,0,1,1,1,0,1,1,1,1,0,0,1,1,1,0,0,1,0,0,0,1,1,1,1,0,1,0,0,1,1,1,0,1,1,0,0,1,1,0,1,0,1,0,1,1,1,1,0,1,1,1,1,1,1,0,1,1,1,0
Elementary criteria impacts:	159.0 258.0,207.0 318.0,135.0 233.0,567.0 871.0,553.0 834.0,510.0 783.0,238.0 373.0,151.0 243.0,404.0 645.0,70.0 70.0,32.0 32.0,-3.4945167E7 -2.3296763E7,-86.0 -86.0


Overall best:
Fitness:	0.5130150568980899
Constraint violations:	0.0
Portfolio:	1,1,1,0,1,1,1,0,1,1,1,1,1,1,0,1,1,1,1,1,0,0,1,0,1,1,0,0,1,1,1,1,0,1,1,1,0,0,1,0,1,1,0,1,1,0,0,1,1,0,1,1,0,1,1,1,1,0,0,0,1,1,0,1,0,1,1,1,1,1,1,0,1,1,0,1,1,1,1,1,1,1,0,0,0,1,1,0,1,0,1,0,1,1,1,0,0,0,1,0,1,0,1,1,0,1,0,1,0,1,1,1,1,1,1,0,1,0,1,1,1,1,0,0,0,1,0,1,1,0,0,1,1,1,0,1,1,1,1,0,0,1,1,1,0,0,1,0,0,0,1,1,1,1,0,1,0,0,1,1,1,0,1,1,0,0,1,1,0,1,0,1,0,1,1,1,1,0,1,1,1,1,1,1,0,1,1,1,0
Elementary criteria impacts:	159.0 258.0,207.0 318.0,135.0 233.0,567.0 871.0,553.0 834.0,510.0 783.0,238.0 373.0,151.0 243.0,404.0 645.0,70.0 70.0,32.0 32.0,-3.4945167E7 -2.3296763E7,-86.0 -86.0