GENERATION 50:
Fitness:	0.5234700746678772
Constraint violations:	0.0
Portfolio:	1,1,1,0,1,1,1,0,1,1,1,1,0,1,0,1,0,1,0,1,0,1,1,0,1,1,1,0,1,1,1,0,0,1,0,1,1,0,1,0,1,1,0,1,1,0,1,1,0,0,1,1,0,1,1,1,1,1,0,0,1,1,0,1,0,1,1,1,1,1,1,0,1,1,0,1,1,0,1,1,1,1,0,0,1,1,1,0,1,1,1,0,1,1,1,0,0,0,1,0,1,0,1,1,0,1,0,1,0,0,1,1,1,0,1,0,1,0,1,1,0,1,0,0,0,1,1,1,1,0,0,1,1,1,0,1,1,1,1,0,0,0,1,1,0,1,0,1,0,0,1,1,1,1,1,1,0,0,1,1,0,0,1,1,0,0,1,1,0,1,0,1,0,1,1,1,1,0,1,1,1,0,1,1,1,1,1,1,0
Elementary criteria impacts:	154.0 250.0,184.0 288.0,134.0 228.0,576.0 882.0,539.0 811.0,506.0 775.0,247.0 383.0,142.0 233.0,391.0 628.0,70.0 70.0,31.0 31.0,-3.4791749E7 -2.3194484E7,-85.0 -85.0
Fitness:	0.5218447262328599
Constraint violations:	0.0
Portfolio:	1,1,1,0,1,1,1,0,1,1,1,1,0,1,0,1,0,1,0,1,0,1,1,0,1,1,1,0,1,1,1,0,0,1,0,1,1,0,1,0,1,1,0,1,1,1,1,1,0,0,1,1,0,1,1,1,0,1,0,0,1,1,0,1,0,1,1,1,1,1,1,0,1,1,0,1,1,0,1,1,1,1,0,0,1,1,1,0,1,1,1,0,1,1,1,0,0,0,1,0,1,0,1,1,0,1,0,1,0,0,1,1,1,0,1,0,1,0,1,1,0,1,0,0,0,1,1,1,1,0,0,1,1,1,0,1,1,1,1,0,0,0,1,1,0,1,0,1,0,0,1,1,1,1,1,1,1,0,1,1,0,0,1,1,0,0,1,1,0,1,0,1,0,1,1,1,1,0,1,1,0,0,1,1,1,1,1,1,0
Elementary criteria impacts:	153.0 250.0,178.0 281.0,136.0 230.0,580.0 887.0,539.0 811.0,501.0 767.0,244.0 379.0,140.0 231.0,391.0 627.0,70.0 70.0,31.0 31.0,-3.47341E7 -2.3156051E7,-85.0 -85.0
Fitness:	0.5206876112571742
Constraint violations:	0.0
Portfolio:	1,1,1,0,1,1,1,0,1,1,1,1,0,1,0,1,0,1,0,1,0,1,1,0,1,1,1,0,1,1,1,0,0,1,0,1,1,0,1,0,1,1,0,1,1,1,1,1,0,0,1,1,0,1,1,1,1,1,0,0,1,1,0,1,0,1,1,1,1,1,1,0,1,1,0,1,1,0,1,1,1,1,0,0,1,1,1,0,1,1,1,0,1,1,1,0,0,0,1,0,1,0,1,1,0,1,0,1,0,0,1,1,1,0,1,0,1,0,1,1,0,1,0,0,0,1,1,1,0,0,0,1,1,1,0,1,1,1,1,0,0,0,1,1,0,1,0,0,0,1,1,1,1,1,1,1,1,0,1,1,0,0,1,1,0,0,1,1,0,1,0,1,0,1,1,1,1,0,1,1,1,0,1,1,1,1,0,1,0
Elementary criteria impacts:	152.0 248.0,184.0 289.0,138.0 234.0,574.0 878.0,540.0 812.0,505.0 773.0,243.0 378.0,137.0 227.0,391.0 627.0,71.0 71.0,30.0 30.0,-3.4951574E7 -2.3301034E7,-86.0 -86.0
Fitness:	0.5201537622608684
Constraint violations:	0.0
Portfolio:	1,1,1,0,1,1,1,0,1,1,1,1,0,1,0,1,0,1,0,1,0,1,1,0,1,1,1,0,1,1,1,0,0,1,0,1,1,0,1,0,1,1,0,1,1,1,1,1,0,0,1,1,0,1,1,1,1,1,0,0,1,1,0,1,0,1,1,1,1,1,1,0,1,1,0,1,1,0,1,1,1,1,0,0,1,1,1,0,1,1,1,0,1,1,1,0,0,0,1,0,1,0,1,1,0,1,0,1,0,0,1,1,1,0,1,0,1,0,1,1,0,1,0,0,0,1,1,1,0,0,0,1,1,1,0,1,1,1,1,0,0,0,1,1,0,1,0,0,0,1,1,1,1,1,1,1,1,0,1,1,0,0,1,1,0,0,1,1,0,1,0,1,0,1,1,1,1,0,1,1,1,0,1,1,1,1,1,0,0
Elementary criteria impacts:	152.0 248.0,184.0 289.0,136.0 232.0,576.0 882.0,542.0 814.0,497.0 762.0,241.0 375.0,140.0 231.0,395.0 633.0,71.0 71.0,30.0 30.0,-3.491976E7 -2.3279824E7,-86.0 -86.0
Fitness:	0.5198873173820867
Constraint violations:	0.0
Portfolio:	1,1,1,0,1,1,1,0,1,0,1,1,0,1,0,1,1,1,0,1,0,1,1,0,1,1,1,0,1,1,1,0,0,1,0,1,1,0,1,0,1,1,0,1,1,1,1,1,0,0,1,1,0,1,1,1,1,1,0,0,1,1,0,1,0,1,1,1,1,1,1,0,1,1,0,1,1,0,1,1,1,1,0,0,1,1,1,0,1,1,1,0,1,1,1,0,0,0,0,0,1,0,1,1,0,1,0,1,0,0,1,1,1,0,1,0,1,0,1,1,0,1,0,0,0,1,1,1,0,0,0,1,1,1,0,1,1,1,1,0,0,0,1,1,0,1,0,0,0,0,1,1,1,1,1,1,1,0,1,1,0,0,1,1,0,1,1,1,0,1,0,1,0,1,1,1,1,0,1,1,1,0,1,1,1,1,0,1,0
Elementary criteria impacts:	154.0 249.0,189.0 294.0,136.0 232.0,567.0 868.0,539.0 812.0,502.0 768.0,242.0 376.0,133.0 223.0,393.0 628.0,71.0 71.0,30.0 30.0,-3.4857254E7 -2.3238154E7,-86.0 -86.0
Fitness:	0.5194145492562552
Constraint violations:	0.0
Portfolio:	1,1,1,0,1,1,1,0,1,1,1,1,0,1,0,1,0,1,0,0,0,1,1,1,1,1,1,0,1,1,1,0,0,1,0,1,1,0,1,0,1,1,0,1,1,1,1,1,0,0,1,1,0,1,1,1,1,1,0,0,1,1,0,1,0,1,1,1,1,1,1,0,1,1,0,1,1,0,1,1,1,1,0,0,1,1,1,0,1,1,1,0,1,1,1,0,0,0,1,0,1,0,1,1,0,1,0,1,0,0,1,1,1,0,1,0,1,0,1,1,0,1,0,0,0,1,1,1,0,0,0,1,1,1,0,1,1,1,1,0,0,0,1,1,0,1,0,1,0,0,1,1,1,1,1,0,1,0,1,1,0,0,1,1,0,0,1,1,0,1,0,1,0,1,1,1,1,0,1,1,1,0,1,1,1,1,1,1,0
Elementary criteria impacts:	155.0 251.0,180.0 283.0,134.0 229.0,577.0 883.0,545.0 819.0,506.0 774.0,245.0 380.0,140.0 231.0,389.0 624.0,70.0 70.0,31.0 31.0,-3.4865896E7 -2.3243914E7,-85.0 -85.0
Fitness:	0.5194123812726823
Constraint violations:	0.0
Portfolio:	1,1,1,0,1,1,1,0,1,0,1,1,0,1,0,1,0,1,0,0,0,1,1,1,1,1,1,0,1,1,1,0,0,1,0,1,1,0,1,0,1,1,0,1,1,1,1,1,0,0,1,1,0,1,1,1,1,1,0,0,1,1,0,1,0,1,1,1,1,1,1,0,1,1,0,1,1,0,1,1,1,1,0,0,1,1,1,0,1,1,1,0,1,1,1,0,0,0,1,0,1,0,1,1,0,1,0,1,0,0,1,1,1,0,1,0,1,0,1,1,0,1,0,0,0,1,1,1,1,0,0,1,1,1,0,1,1,1,1,0,0,0,1,1,0,1,0,1,0,0,1,1,1,1,1,1,0,0,1,1,0,0,1,1,0,0,1,1,0,1,0,1,0,1,1,1,1,0,1,0,1,0,1,1,1,1,1,1,0
Elementary criteria impacts:	154.0 250.0,182.0 285.0,127.0 220.0,581.0 888.0,535.0 806.0,497.0 762.0,241.0 374.0,139.0 229.0,392.0 627.0,71.0 71.0,31.0 31.0,-3.4902758E7 -2.3268489E7,-86.0 -86.0
Fitness:	0.5190149188760361
Constraint violations:	0.0
Portfolio:	1,1,1,0,1,1,1,0,1,1,1,1,0,1,0,1,0,1,0,1,0,1,1,0,1,1,1,0,1,1,1,0,0,1,0,1,1,0,1,0,1,1,0,1,1,0,1,1,0,0,1,1,0,1,1,0,1,1,0,0,1,1,0,1,0,1,1,1,1,1,1,0,1,1,0,1,1,0,1,1,1,1,0,0,1,1,1,0,1,1,1,0,1,1,1,0,1,0,1,1,1,0,1,1,0,1,0,1,0,0,1,1,1,0,1,0,1,0,1,1,0,1,0,0,0,1,1,1,0,0,0,1,1,1,0,1,1,1,1,0,0,0,1,1,1,1,0,0,0,0,1,1,1,1,1,1,1,0,1,1,0,0,1,1,0,0,1,1,0,1,0,1,0,1,1,1,1,0,1,1,1,0,1,1,1,1,1,1,0
Elementary criteria impacts:	156.0 253.0,184.0 288.0,141.0 237.0,567.0 870.0,538.0 808.0,507.0 775.0,248.0 384.0,142.0 233.0,397.0 636.0,71.0 71.0,29.0 29.0,-3.4989195E7 -2.3326114E7,-86.0 -86.0
Fitness:	0.5187283108706318
Constraint violations:	0.0
Portfolio:	1,1,1,0,1,1,1,0,1,0,1,1,0,1,0,1,0,1,0,1,0,1,1,0,1,1,1,0,1,1,1,0,0,1,0,1,1,0,1,0,1,1,0,1,1,1,1,1,0,0,1,1,0,1,1,1,1,1,0,0,1,1,0,1,0,1,1,1,1,1,1,0,1,1,0,1,1,0,1,1,1,1,0,0,1,1,1,0,1,1,1,0,1,1,1,0,0,0,1,0,1,0,1,1,0,1,0,1,0,0,1,1,1,0,1,0,1,0,1,1,0,1,0,0,0,1,1,1,0,0,0,1,1,1,0,1,1,1,1,0,0,0,1,1,0,1,0,1,0,0,1,1,1,1,1,1,1,0,1,1,0,0,1,1,0,0,1,1,0,1,0,1,0,1,1,1,1,0,1,1,1,0,1,1,1,1,0,1,0
Elementary criteria impacts:	150.0 245.0,184.0 288.0,133.0 227.0,573.0 877.0,538.0 809.0,502.0 767.0,243.0 377.0,134.0 224.0,389.0 623.0,71.0 71.0,31.0 31.0,-3.4816655E7 -2.3211088E7,-86.0 -86.0
Fitness:	0.5185045592784118
Constraint violations:	0.0
Portfolio:	1,1,1,0,1,1,1,0,1,1,1,1,0,1,0,1,0,1,0,1,0,1,1,0,1,1,1,0,1,1,1,0,0,1,0,1,1,0,1,0,1,1,0,1,1,1,1,1,0,0,1,1,0,1,1,1,1,1,0,0,1,1,0,1,0,1,1,1,1,1,1,0,1,1,0,1,1,0,1,1,1,1,0,0,1,1,1,0,1,1,1,0,1,1,1,0,0,0,1,0,1,0,1,1,0,1,0,1,0,0,1,1,1,0,1,0,1,0,1,1,0,1,0,0,0,1,1,1,0,0,0,1,1,1,0,1,1,1,1,0,0,0,1,1,0,1,0,1,0,0,1,1,1,1,1,1,1,0,1,1,0,0,1,1,0,0,1,1,0,1,0,1,0,1,1,1,1,0,1,1,0,0,1,1,1,1,1,1,0
Elementary criteria impacts:	153.0 250.0,181.0 285.0,136.0 231.0,576.0 881.0,537.0 807.0,504.0 770.0,245.0 380.0,140.0 231.0,391.0 628.0,70.0 70.0,30.0 30.0,-3.4740425E7 -2.3160268E7,-85.0 -85.0
Fitness:	0.5184901893436616
Constraint violations:	0.0
Portfolio:	1,1,1,0,1,1,1,0,1,1,1,1,0,1,0,1,0,1,0,1,0,1,1,0,1,1,1,0,1,1,1,0,0,1,0,1,1,0,1,0,1,1,0,1,1,0,1,1,0,0,1,1,0,1,1,1,1,1,0,0,1,1,0,1,0,1,1,1,1,1,1,0,1,1,0,1,1,0,1,1,1,1,0,0,1,1,1,0,1,1,1,0,1,1,1,0,0,0,1,0,1,0,1,1,0,1,0,1,0,0,1,1,1,0,1,0,1,0,1,1,0,1,0,0,0,1,1,1,1,0,0,1,1,1,0,1,1,1,1,0,0,0,1,1,0,1,0,0,0,0,1,1,1,1,1,1,1,0,1,1,0,0,1,1,0,0,1,1,0,1,0,1,0,1,1,1,1,0,1,1,1,0,1,1,1,1,1,0,0
Elementary criteria impacts:	152.0 247.0,184.0 287.0,133.0 227.0,577.0 884.0,538.0 809.0,493.0 756.0,241.0 374.0,143.0 234.0,389.0 624.0,70.0 70.0,31.0 31.0,-3.4628098E7 -2.3085383E7,-85.0 -85.0
Fitness:	0.5182446164029182
Constraint violations:	0.0
Portfolio:	1,1,1,0,1,1,1,0,1,1,1,1,0,1,0,1,0,1,0,0,0,1,1,1,1,1,1,0,1,1,1,0,0,1,0,1,1,0,1,0,1,1,0,1,1,1,1,1,0,0,1,1,0,1,1,1,1,1,0,0,1,1,0,1,0,1,1,1,1,1,1,0,1,1,0,1,1,0,1,1,1,1,0,0,1,1,1,0,1,1,1,0,1,1,1,0,0,0,1,0,1,0,1,1,0,1,0,1,0,0,1,1,1,0,1,0,1,0,1,1,0,1,0,0,0,1,1,1,0,0,0,1,1,1,0,1,1,1,1,0,0,0,1,1,0,1,0,1,0,0,1,1,1,1,1,1,1,0,1,1,0,0,1,1,0,0,1,1,0,1,0,1,0,1,1,1,1,0,1,1,0,0,1,1,1,1,1,1,0
Elementary criteria impacts:	155.0 252.0,180.0 283.0,133.0 228.0,579.0 885.0,539.0 811.0,502.0 768.0,243.0 377.0,141.0 232.0,388.0 623.0,70.0 70.0,30.0 30.0,-3.4775481E7 -2.3183638E7,-85.0 -85.0
Fitness:	0.5181977928234577
Constraint violations:	0.0
Portfolio:	1,1,1,0,1,1,1,0,1,0,1,1,0,1,0,1,0,1,0,0,0,1,1,1,1,1,1,0,1,1,1,0,0,1,0,1,1,0,1,0,1,1,0,1,1,1,1,1,0,0,1,1,0,1,1,1,1,1,0,0,1,1,0,1,0,1,1,1,1,1,1,0,1,1,0,1,1,0,1,1,1,1,0,0,1,1,1,0,1,1,1,0,1,1,1,0,0,0,1,0,1,0,1,1,0,1,0,1,0,0,1,1,1,0,1,0,1,0,1,1,0,1,0,0,0,1,1,1,0,0,0,1,1,1,0,1,1,1,1,0,0,0,1,1,0,1,0,0,0,0,1,1,1,1,1,1,1,0,1,1,0,0,1,1,0,1,1,1,0,1,0,1,0,1,1,1,1,0,1,1,1,0,1,1,1,1,0,1,0
Elementary criteria impacts:	153.0 248.0,186.0 290.0,132.0 227.0,574.0 878.0,539.0 812.0,501.0 767.0,240.0 373.0,135.0 225.0,388.0 621.0,71.0 71.0,30.0 30.0,-3.4914427E7 -2.3276269E7,-86.0 -86.0
Fitness:	0.5179791072454242
Constraint violations:	0.0
Portfolio:	1,1,1,0,1,1,1,0,1,0,1,1,0,1,0,1,1,1,0,1,0,1,1,0,1,1,1,0,1,1,1,0,0,1,0,1,1,0,1,0,1,1,0,1,1,1,1,1,0,0,1,1,0,1,1,1,0,1,0,0,1,1,0,1,0,1,1,1,1,1,1,0,1,1,0,1,1,0,1,1,1,1,0,0,1,1,1,0,1,1,1,0,1,1,1,0,0,0,1,0,1,0,1,1,0,1,0,1,0,0,1,1,1,0,1,0,1,0,1,1,0,1,0,0,0,1,1,1,0,0,0,1,1,1,0,1,1,1,1,0,0,0,1,1,0,1,0,1,0,0,1,1,0,1,1,1,1,0,1,1,0,0,1,1,0,0,1,1,0,1,0,1,0,1,1,1,1,0,1,1,1,0,1,1,1,1,1,1,0
Elementary criteria impacts:	152.0 248.0,182.0 286.0,132.0 226.0,576.0 882.0,542.0 815.0,489.0 750.0,242.0 376.0,132.0 222.0,392.0 628.0,71.0 71.0,31.0 31.0,-3.4859698E7 -2.3239782E7,-85.0 -85.0
Fitness:	0.5171957321249929
Constraint violations:	0.0
Portfolio:	1,1,1,0,1,1,1,0,1,1,1,1,0,1,0,1,0,1,0,0,0,1,1,1,1,1,1,0,1,1,1,0,0,1,0,1,1,0,1,0,1,1,0,1,1,1,1,1,0,0,1,1,0,1,1,1,1,1,0,0,1,1,0,1,0,1,1,1,1,1,1,0,1,1,0,1,1,0,1,1,1,1,0,0,1,1,1,0,1,1,1,0,1,1,1,0,0,0,1,0,1,0,1,1,0,1,0,1,0,0,1,1,1,0,1,0,1,0,1,1,0,1,0,0,0,1,1,1,0,0,0,1,1,1,0,1,1,1,1,0,0,0,1,1,0,1,0,0,0,1,1,1,1,1,1,1,0,0,1,1,0,0,1,1,0,0,1,1,0,1,0,1,0,1,1,1,1,0,1,1,1,0,1,1,1,1,1,1,0
Elementary criteria impacts:	154.0 250.0,183.0 288.0,134.0 230.0,574.0 878.0,538.0 810.0,501.0 769.0,243.0 378.0,140.0 230.0,390.0 626.0,70.0 70.0,29.0 29.0,-3.4761641E7 -2.3174411E7,-85.0 -85.0
Fitness:	0.5164324837844653
Constraint violations:	0.0
Portfolio:	1,1,1,0,1,1,1,0,1,0,1,1,0,1,0,1,0,1,0,1,0,1,1,0,1,1,1,0,1,1,1,0,0,1,0,1,1,0,1,0,1,1,0,1,1,1,1,1,0,0,1,1,0,1,1,1,1,1,0,0,1,1,0,1,0,1,1,1,1,1,1,0,1,1,0,1,1,0,1,1,1,1,0,0,1,1,1,0,1,1,1,0,1,1,1,0,0,0,1,0,1,0,1,1,0,1,0,1,0,0,1,1,1,0,1,0,1,0,1,1,0,1,0,0,0,1,1,1,0,0,0,1,1,1,0,1,1,1,1,0,0,0,1,1,0,1,0,0,0,1,1,1,1,1,1,1,1,0,1,1,0,0,1,1,0,0,1,1,0,1,0,1,0,1,1,1,1,0,1,1,1,0,1,1,1,1,0,1,0
Elementary criteria impacts:	150.0 245.0,184.0 289.0,135.0 230.0,572.0 875.0,537.0 808.0,499.0 764.0,241.0 375.0,134.0 223.0,391.0 626.0,71.0 71.0,30.0 30.0,-3.4788962E7 -2.3192626E7,-86.0 -86.0
Fitness:	0.5160712492731434
Constraint violations:	0.0
Portfolio:	1,1,1,0,1,1,1,0,1,0,1,1,0,1,0,1,0,1,0,1,0,1,1,0,1,1,1,0,1,1,1,0,0,1,0,1,1,0,1,0,1,1,0,1,1,1,1,1,0,0,1,1,0,1,1,1,0,1,0,0,1,1,0,1,0,1,1,1,1,1,1,0,1,1,0,1,1,0,1,1,1,1,0,0,1,1,1,0,1,1,1,0,1,1,1,0,0,0,1,0,1,0,1,1,0,1,0,1,0,0,1,1,1,0,1,0,1,0,1,1,0,1,0,0,0,1,1,1,1,0,0,1,1,1,0,1,1,1,1,0,0,0,1,1,0,1,0,1,0,0,1,1,1,1,1,1,1,0,1,1,0,0,1,1,0,0,1,1,0,1,0,1,0,1,1,1,1,0,1,1,1,0,1,1,1,1,1,0,0
Elementary criteria impacts:	150.0 245.0,181.0 284.0,131.0 224.0,579.0 887.0,542.0 815.0,491.0 753.0,240.0 373.0,137.0 228.0,393.0 628.0,71.0 71.0,32.0 32.0,-3.4778516E7 -2.3185661E7,-86.0 -86.0
Fitness:	0.515821777780731
Constraint violations:	0.0
Portfolio:	1,1,1,0,1,1,1,0,1,1,1,1,0,1,0,1,0,1,0,1,0,1,1,0,1,1,1,0,1,1,1,0,0,1,0,1,1,0,1,0,1,1,0,1,1,0,1,1,0,0,1,1,0,1,1,1,1,1,0,0,1,1,0,1,0,1,1,1,1,1,1,0,1,1,0,1,1,0,1,1,1,1,0,0,1,1,1,0,1,1,1,0,1,1,1,0,0,0,1,0,1,0,1,1,0,1,0,1,0,0,1,1,1,0,1,0,1,0,1,1,0,1,0,0,0,1,1,1,1,0,0,1,1,1,0,1,1,1,1,0,0,0,1,1,0,1,0,0,0,0,1,1,1,1,1,1,0,0,1,1,0,0,1,1,0,0,1,1,0,1,0,1,0,1,1,1,1,0,1,1,1,0,1,1,1,1,1,1,0
Elementary criteria impacts:	152.0 247.0,184.0 288.0,134.0 228.0,572.0 876.0,532.0 801.0,499.0 765.0,245.0 380.0,142.0 232.0,387.0 622.0,69.0 69.0,30.0 30.0,-3.4434923E7 -2.29566E7,-84.0 -84.0
Fitness:	0.515042220076546
Constraint violations:	0.0
Portfolio:	1,1,1,0,1,1,1,0,1,1,1,1,0,1,0,1,0,1,0,0,0,1,1,1,1,1,1,0,1,1,1,0,0,1,0,1,1,0,1,0,1,1,0,1,1,1,1,1,0,0,1,1,0,1,1,1,0,1,0,0,1,1,0,1,0,1,1,1,1,1,1,0,1,1,0,1,1,0,1,1,1,1,0,0,1,1,1,0,1,1,1,0,1,1,1,0,0,0,1,0,1,0,1,1,0,1,0,1,0,0,1,1,1,0,1,0,1,0,1,1,0,1,0,0,0,1,1,1,1,0,0,1,1,1,0,1,1,1,1,0,0,0,1,1,0,1,0,0,0,1,1,1,1,1,1,1,1,0,1,1,0,0,1,1,0,0,1,1,0,1,0,1,0,1,1,1,1,0,1,1,1,0,1,1,1,1,1,0,0
Elementary criteria impacts:	154.0 250.0,180.0 283.0,133.0 228.0,583.0 892.0,546.0 822.0,492.0 757.0,238.0 371.0,141.0 232.0,392.0 627.0,71.0 71.0,31.0 31.0,-3.4948491E7 -2.3298977E7,-86.0 -86.0
Fitness:	0.5146966932397672
Constraint violations:	0.0
Portfolio:	1,1,1,0,1,1,1,0,1,0,1,1,0,1,0,1,0,1,0,0,0,1,1,1,1,1,1,0,1,1,1,0,0,1,0,1,1,0,1,0,1,1,0,1,1,1,1,1,0,0,1,1,0,1,1,1,1,1,0,0,1,1,0,1,0,1,1,1,1,1,1,0,1,1,0,1,1,0,1,1,1,1,0,0,1,1,1,0,1,1,1,0,1,1,1,0,0,0,1,0,1,0,1,1,0,1,0,1,0,0,1,1,1,0,1,0,1,0,1,1,0,1,0,0,0,1,1,1,0,0,0,1,1,1,0,1,1,1,1,0,0,0,1,1,0,1,0,0,0,1,1,1,1,1,1,1,1,0,1,1,0,0,1,1,0,0,1,1,0,1,0,1,0,1,1,1,1,0,1,1,1,0,1,1,1,1,1,0,0
Elementary criteria impacts:	152.0 247.0,183.0 287.0,130.0 225.0,577.0 883.0,541.0 814.0,489.0 751.0,237.0 369.0,138.0 228.0,392.0 627.0,71.0 71.0,30.0 30.0,-3.4792204E7 -2.3194786E7,-86.0 -86.0
Fitness:	0.5144351513289236
Constraint violations:	0.0
Portfolio:	1,1,1,0,1,1,1,0,1,0,1,1,0,1,0,1,0,1,0,1,0,1,1,0,1,1,1,0,1,1,1,0,0,1,0,1,1,0,1,0,1,1,0,1,1,1,1,1,0,0,1,1,0,1,1,1,0,1,0,0,1,1,0,1,0,1,1,1,1,1,1,0,1,1,0,1,1,0,1,1,1,1,0,0,1,1,1,0,1,1,1,0,1,1,1,0,1,0,1,1,1,0,1,1,0,1,0,1,0,0,1,1,1,0,1,0,1,0,1,1,0,1,0,0,0,1,1,1,0,0,0,1,1,1,0,1,1,1,1,0,0,0,1,1,0,1,0,0,0,1,1,1,1,1,1,1,1,0,1,1,0,0,1,1,0,0,1,1,0,1,0,1,0,1,1,1,1,0,1,1,1,0,1,1,1,1,1,0,0
Elementary criteria impacts:	151.0 247.0,182.0 287.0,136.0 231.0,572.0 877.0,545.0 819.0,493.0 756.0,241.0 375.0,134.0 224.0,401.0 640.0,72.0 72.0,30.0 30.0,-3.4993628E7 -2.3329069E7,-87.0 -87.0
Fitness:	0.514188733778333
Constraint violations:	0.0
Portfolio:	1,1,1,0,1,1,1,0,1,0,1,1,0,1,0,1,0,1,0,0,0,1,1,1,1,1,1,0,1,1,1,0,0,1,0,1,1,0,1,0,1,1,0,1,1,1,1,1,0,0,1,1,0,1,1,1,1,1,0,0,1,1,0,1,0,1,1,1,1,1,1,0,1,1,0,1,1,0,1,1,1,1,0,0,1,1,1,0,1,1,1,0,1,1,1,0,0,0,1,0,1,0,1,1,0,1,0,1,0,0,1,1,1,0,1,0,1,0,1,1,0,1,0,0,0,1,1,1,0,0,0,1,1,1,0,1,1,1,1,0,0,0,1,1,0,1,0,1,0,0,1,1,1,1,1,0,1,0,1,1,0,0,1,1,0,0,1,1,0,1,0,1,0,1,1,1,1,0,1,1,1,0,1,1,1,1,1,1,0
Elementary criteria impacts:	153.0 248.0,180.0 283.0,131.0 225.0,575.0 880.0,542.0 815.0,500.0 765.0,243.0 377.0,137.0 227.0,389.0 623.0,70.0 70.0,31.0 31.0,-3.4703284E7 -2.3135506E7,-85.0 -85.0
Fitness:	0.514057687075181
Constraint violations:	0.0
Portfolio:	1,1,1,0,1,1,1,0,1,1,1,1,0,1,0,1,0,1,0,1,0,1,1,0,1,1,1,0,1,1,1,0,0,1,0,1,1,0,1,0,1,1,0,1,1,0,1,1,0,0,1,1,0,1,1,1,1,1,0,0,1,1,0,1,0,1,1,1,1,1,1,0,1,1,0,1,1,0,1,1,1,1,0,0,1,1,1,0,1,1,1,0,1,1,1,0,0,0,1,0,1,0,1,1,0,1,0,1,0,0,1,1,1,0,1,0,1,0,1,1,0,1,0,0,0,1,1,1,0,0,0,1,1,1,0,1,1,1,1,0,0,0,1,1,0,1,0,1,0,0,1,1,1,1,1,1,1,0,1,1,0,0,1,1,0,0,1,1,0,1,0,1,0,1,1,1,1,0,1,1,1,0,1,1,1,1,0,1,0
Elementary criteria impacts:	152.0 247.0,184.0 287.0,135.0 229.0,571.0 874.0,538.0 809.0,504.0 770.0,243.0 377.0,137.0 227.0,385.0 618.0,70.0 70.0,31.0 31.0,-3.4602064E7 -2.3068028E7,-85.0 -85.0
Fitness:	0.5139207598575154
Constraint violations:	0.0
Portfolio:	1,1,1,0,1,1,1,0,1,0,1,1,0,1,0,1,0,1,0,1,0,1,1,0,1,1,1,0,1,1,1,0,0,1,0,1,1,0,1,0,1,1,0,1,1,1,1,1,0,0,1,1,0,1,1,1,1,1,0,0,1,1,0,1,0,1,1,1,1,1,1,0,1,1,0,1,1,0,1,1,1,1,0,0,1,1,1,0,1,1,1,0,1,1,1,0,0,0,1,0,1,0,1,1,0,1,0,1,0,0,1,1,1,0,1,0,1,0,1,1,0,1,0,0,0,1,1,1,0,0,0,1,1,1,0,1,1,1,1,0,0,0,1,1,0,1,0,1,0,0,1,1,1,1,1,1,1,0,1,1,0,0,1,1,0,0,1,1,0,1,0,1,0,1,1,1,1,0,1,1,0,0,1,1,1,1,1,1,0
Elementary criteria impacts:	151.0 247.0,181.0 285.0,133.0 227.0,574.0 878.0,534.0 803.0,498.0 761.0,243.0 377.0,137.0 227.0,391.0 627.0,70.0 70.0,30.0 30.0,-3.4577813E7 -2.305186E7,-85.0 -85.0
Fitness:	0.513571782144293
Constraint violations:	0.0
Portfolio:	1,1,1,0,1,1,1,0,1,0,1,1,0,1,0,1,1,1,0,0,0,1,1,0,1,1,1,0,1,1,1,0,0,1,0,1,1,0,1,0,1,1,0,1,1,0,1,1,0,0,1,1,0,1,1,1,1,1,0,0,1,1,0,1,0,1,1,1,1,1,1,0,1,1,0,1,1,0,1,1,1,1,0,0,1,1,1,0,1,1,1,0,1,1,1,0,0,0,1,0,1,0,1,1,0,1,0,1,0,0,1,1,1,0,1,0,1,0,1,1,0,1,0,0,0,1,1,1,1,0,0,1,1,1,0,1,1,1,1,0,0,0,1,1,0,1,0,1,0,0,1,1,1,1,1,1,0,0,1,1,0,0,1,1,0,0,1,1,0,1,0,1,0,1,1,1,1,0,1,0,1,0,1,1,1,1,1,1,0
Elementary criteria impacts:	154.0 249.0,184.0 287.0,127.0 219.0,577.0 882.0,533.0 803.0,494.0 757.0,238.0 370.0,136.0 225.0,391.0 626.0,70.0 70.0,31.0 31.0,-3.4532953E7 -2.3021953E7,-85.0 -85.0
Fitness:	0.5131962861771499
Constraint violations:	0.0
Portfolio:	1,1,1,0,1,1,1,0,1,0,1,1,0,1,0,1,0,1,0,1,0,1,1,0,1,1,1,0,1,1,1,0,0,1,0,1,1,0,1,0,1,1,0,1,1,1,1,1,0,0,1,1,0,1,1,1,0,1,0,0,1,1,0,1,0,1,1,1,1,1,1,0,1,1,0,1,1,0,1,1,1,1,0,0,1,1,1,0,1,1,1,0,1,1,1,0,0,0,1,0,1,0,1,1,0,1,0,1,0,0,1,1,1,0,1,0,1,0,1,1,0,1,0,0,0,1,1,1,1,0,0,1,1,1,0,1,1,1,1,0,0,0,1,1,0,1,0,0,0,1,1,1,1,1,1,1,1,0,1,1,0,0,1,1,0,0,1,1,0,1,0,1,0,1,1,1,1,0,1,1,1,0,1,1,1,1,1,0,0
Elementary criteria impacts:	150.0 245.0,181.0 285.0,133.0 227.0,578.0 885.0,541.0 814.0,488.0 750.0,238.0 371.0,137.0 227.0,395.0 631.0,71.0 71.0,31.0 31.0,-3.4750823E7 -2.3167199E7,-86.0 -86.0
Fitness:	0.5127136999774058
Constraint violations:	0.0
Portfolio:	1,1,1,0,1,1,1,0,1,0,1,1,0,1,0,1,0,1,0,1,0,1,1,0,1,1,1,0,1,1,1,0,0,1,0,1,1,0,1,0,1,1,0,1,1,1,1,1,0,0,1,1,0,1,1,1,1,1,0,0,1,1,0,1,0,1,1,1,1,1,1,0,1,1,0,1,1,0,1,1,1,1,0,0,1,1,1,0,1,1,1,0,1,1,1,0,0,0,1,0,1,0,1,1,0,1,0,1,0,0,1,1,1,0,1,0,1,0,1,1,0,1,0,0,0,1,1,1,0,0,0,1,1,1,0,1,1,1,1,0,0,0,1,1,0,1,0,1,0,0,1,1,0,1,1,1,1,0,1,1,0,0,1,1,0,0,1,1,0,1,0,1,0,1,1,1,1,0,1,1,1,0,1,1,1,1,1,0,0
Elementary criteria impacts:	150.0 245.0,183.0 286.0,128.0 221.0,573.0 878.0,539.0 809.0,487.0 746.0,240.0 372.0,135.0 225.0,390.0 625.0,71.0 71.0,31.0 31.0,-3.4664841E7 -2.3109878E7,-85.0 -85.0
Fitness:	0.5121951494819871
Constraint violations:	0.0
Portfolio:	1,1,1,0,1,1,1,0,1,1,1,1,0,1,0,1,0,1,0,1,0,1,1,0,1,1,1,0,1,1,1,0,0,1,0,1,1,0,1,0,1,1,0,1,1,1,1,1,0,0,1,1,0,1,1,1,1,1,0,0,1,1,0,1,0,1,1,1,1,1,1,0,1,1,0,1,1,0,1,1,1,1,0,0,1,1,1,0,1,1,1,0,1,1,1,0,0,0,1,0,1,0,1,1,0,1,0,1,0,0,1,1,1,0,1,0,1,0,1,1,0,1,0,0,0,1,1,1,0,0,0,1,1,1,0,1,1,1,1,0,0,0,1,1,0,1,0,0,0,0,1,1,1,1,1,1,0,0,1,1,0,0,1,1,0,0,1,1,0,1,0,1,0,1,1,1,1,0,1,1,1,0,1,1,1,1,1,1,0
Elementary criteria impacts:	150.0 245.0,184.0 289.0,135.0 230.0,568.0 870.0,530.0 797.0,499.0 764.0,245.0 380.0,139.0 229.0,387.0 622.0,69.0 69.0,29.0 29.0,-3.4397452E7 -2.2931619E7,-84.0 -84.0
Fitness:	0.5119338694435912
Constraint violations:	0.0
Portfolio:	1,1,1,0,1,1,1,0,1,0,1,1,0,1,0,1,1,1,0,0,0,1,1,1,1,1,1,0,1,1,1,0,0,1,0,1,1,0,1,0,1,1,0,1,1,1,1,1,0,0,1,1,0,1,1,1,0,1,0,0,1,1,0,1,0,1,1,1,1,1,1,0,1,1,0,1,1,0,1,1,1,1,0,0,1,1,1,0,1,1,1,0,1,1,1,0,0,0,1,0,1,0,1,1,0,1,0,1,0,0,1,1,1,0,1,0,1,0,1,1,0,1,0,0,0,1,1,1,0,0,0,1,1,1,0,1,1,1,1,0,0,0,1,1,0,1,0,0,0,1,1,1,1,1,1,1,1,0,1,1,0,0,1,1,0,0,1,1,0,1,0,1,0,1,1,1,1,0,1,1,1,0,1,1,1,1,1,0,0
Elementary criteria impacts:	153.0 248.0,182.0 286.0,131.0 226.0,577.0 883.0,543.0 818.0,483.0 743.0,235.0 367.0,135.0 225.0,394.0 629.0,71.0 71.0,30.0 30.0,-3.4766186E7 -2.317744E7,-86.0 -86.0
Fitness:	0.5119330574189022
Constraint violations:	0.0
Portfolio:	1,1,1,0,1,1,1,0,1,0,1,1,0,1,0,1,1,1,0,0,0,1,1,1,1,1,1,0,1,1,1,0,0,1,0,1,1,0,1,0,1,1,0,1,1,1,1,1,0,0,1,1,0,1,1,1,0,1,0,0,1,1,0,1,0,1,1,1,1,1,1,0,1,1,0,1,1,0,1,1,1,1,0,0,1,1,1,0,1,1,1,0,1,1,1,0,0,0,1,0,1,0,1,1,0,1,0,1,0,0,1,1,1,0,1,0,1,0,1,1,0,1,0,0,0,1,1,1,0,0,0,1,1,1,0,1,1,1,1,0,0,0,1,1,0,1,0,0,0,0,1,1,1,1,1,1,1,0,1,1,0,0,1,1,0,0,1,1,0,1,0,1,0,1,1,1,1,0,1,1,1,0,1,1,1,1,1,1,0
Elementary criteria impacts:	152.0 247.0,182.0 286.0,132.0 227.0,577.0 883.0,538.0 811.0,487.0 748.0,239.0 372.0,135.0 225.0,388.0 621.0,70.0 70.0,30.0 30.0,-3.4657928E7 -2.3105268E7,-85.0 -85.0
Fitness:	0.5117940841139751
Constraint violations:	0.0
Portfolio:	1,1,1,0,1,1,1,0,1,1,1,1,0,1,0,1,0,1,0,0,0,1,1,1,1,1,1,0,1,1,1,0,0,1,0,1,1,0,1,0,1,1,0,1,1,1,1,1,0,0,1,1,0,1,1,1,1,1,0,0,1,1,0,1,0,1,1,1,1,1,1,0,1,1,0,1,1,0,1,1,1,1,0,0,1,1,1,0,1,1,1,0,1,1,1,0,0,0,1,0,1,0,1,1,0,1,0,1,0,0,1,1,1,0,1,0,1,0,1,1,0,1,0,0,0,1,1,1,0,0,0,1,1,1,0,1,1,1,1,0,0,0,1,1,0,1,0,0,0,0,1,1,1,1,1,1,1,0,1,1,0,0,1,1,0,0,1,1,0,1,0,1,0,1,1,1,1,0,1,1,1,0,1,1,1,1,1,0,0
Elementary criteria impacts:	152.0 247.0,183.0 286.0,131.0 226.0,576.0 882.0,538.0 809.0,491.0 753.0,239.0 371.0,141.0 232.0,386.0 619.0,70.0 70.0,30.0 30.0,-3.4625683E7 -2.3083772E7,-85.0 -85.0
Fitness:	0.5117517456276816
Constraint violations:	0.0
Portfolio:	1,1,1,0,1,1,1,0,1,1,1,1,0,1,0,1,0,1,0,0,0,1,1,1,1,1,1,0,1,1,1,0,0,1,0,1,1,0,1,0,1,1,0,1,1,0,1,1,0,0,1,1,0,1,1,1,1,1,0,0,1,1,0,1,0,1,1,1,1,1,1,0,1,1,0,1,1,0,1,1,1,1,0,0,1,1,1,0,0,1,1,0,1,1,1,0,1,0,1,1,1,0,1,1,0,1,0,1,0,0,1,1,1,0,1,0,1,0,1,1,0,1,0,0,0,1,1,1,0,0,0,1,1,1,0,1,1,1,1,0,0,0,1,1,0,1,0,0,0,0,1,1,1,1,1,1,1,0,1,1,0,0,1,1,0,0,1,1,0,1,0,1,0,1,1,1,1,0,1,1,1,0,1,1,1,1,0,1,0
Elementary criteria impacts:	154.0 249.0,184.0 286.0,134.0 228.0,569.0 872.0,541.0 814.0,497.0 761.0,241.0 374.0,135.0 224.0,383.0 614.0,71.0 71.0,30.0 30.0,-3.4817773E7 -2.3211833E7,-85.0 -85.0
Fitness:	0.5113302372717256
Constraint violations:	0.0
Portfolio:	1,1,1,0,1,1,1,0,1,1,1,1,0,1,0,1,0,1,0,1,0,1,1,0,1,1,1,0,1,1,1,0,0,1,0,1,1,0,1,0,1,1,0,1,1,0,1,1,0,0,1,1,0,1,1,1,1,1,0,0,1,1,0,1,0,1,1,1,1,1,1,0,1,1,0,1,1,0,1,1,1,1,0,0,1,1,1,0,1,1,1,0,1,1,1,0,0,0,1,0,1,0,1,1,0,1,0,1,0,0,1,1,1,0,1,0,1,0,1,1,0,1,0,0,0,1,1,1,0,0,0,1,1,1,0,1,1,1,1,0,0,0,1,1,0,1,0,1,0,0,1,1,1,1,1,1,0,0,1,1,0,0,1,1,0,0,1,1,0,1,0,1,0,1,1,1,1,0,1,1,1,0,1,1,1,1,1,1,0
Elementary criteria impacts:	152.0 247.0,184.0 288.0,134.0 228.0,568.0 870.0,534.0 803.0,502.0 768.0,245.0 380.0,139.0 229.0,387.0 622.0,69.0 69.0,30.0 30.0,-3.4377075E7 -2.2918035E7,-84.0 -84.0
Fitness:	0.510321693788581
Constraint violations:	0.0
Portfolio:	1,1,1,0,1,1,1,0,1,0,1,1,0,1,0,1,0,1,0,0,0,1,1,1,1,1,1,0,1,1,1,0,0,1,0,1,1,0,1,0,1,1,0,1,1,1,1,1,0,0,1,1,0,1,1,1,0,1,0,0,1,1,0,1,0,1,1,1,1,1,1,0,1,1,0,1,1,0,1,1,1,1,0,0,1,1,1,0,1,1,1,0,1,1,1,0,0,0,1,0,1,0,1,1,0,1,0,1,0,0,1,1,1,0,1,0,1,0,1,1,0,1,0,0,0,1,1,1,1,0,0,1,1,1,0,1,1,1,1,0,0,0,1,1,0,1,0,0,0,1,1,1,1,1,1,1,1,0,1,1,0,0,1,1,0,0,1,1,0,1,0,1,0,1,1,1,1,0,1,1,1,0,1,1,1,1,1,0,0
Elementary criteria impacts:	152.0 247.0,180.0 283.0,130.0 224.0,581.0 889.0,543.0 818.0,486.0 748.0,236.0 368.0,138.0 228.0,392.0 626.0,71.0 71.0,31.0 31.0,-3.4785879E7 -2.3190569E7,-86.0 -86.0
Fitness:	0.5102188959742843
Constraint violations:	0.0
Portfolio:	1,1,1,0,1,1,1,0,1,0,1,1,0,1,0,1,1,1,0,0,0,1,1,0,1,1,1,0,1,1,1,0,0,1,0,1,1,0,1,0,1,1,0,1,1,0,1,1,0,0,1,1,0,1,1,0,1,1,0,0,1,1,0,1,0,1,1,1,1,1,1,0,1,1,0,1,1,0,1,1,1,1,0,0,1,1,1,0,1,1,1,0,1,1,1,0,1,0,1,1,1,0,1,1,0,1,0,1,0,0,1,1,1,0,1,0,1,0,1,1,0,1,0,0,0,1,1,1,0,0,0,1,1,1,0,1,1,1,1,0,0,0,1,1,0,1,0,1,0,0,1,1,1,1,1,1,1,0,1,1,0,0,1,1,0,0,1,1,0,1,0,1,0,1,1,1,1,0,1,1,1,0,1,1,1,1,0,1,0
Elementary criteria impacts:	155.0 250.0,185.0 288.0,133.0 226.0,566.0 867.0,539.0 811.0,501.0 765.0,240.0 373.0,131.0 220.0,395.0 631.0,71.0 71.0,30.0 30.0,-3.4704268E7 -2.3136163E7,-86.0 -86.0
Fitness:	0.5100595972806441
Constraint violations:	0.0
Portfolio:	1,1,1,0,1,1,1,0,1,1,1,1,0,1,0,1,0,1,0,1,0,1,1,0,1,1,1,0,1,1,1,0,0,1,0,1,1,0,1,0,1,1,0,1,1,0,1,1,0,0,1,1,0,1,1,1,1,1,0,0,1,1,0,1,0,1,1,1,1,1,1,0,1,1,0,1,1,0,1,1,1,1,0,0,1,1,1,0,1,1,1,0,1,1,1,0,0,0,1,0,1,0,1,1,0,1,0,1,0,0,1,1,1,0,1,0,1,0,1,1,0,1,0,0,0,1,1,1,0,0,0,1,1,1,0,1,1,1,1,0,0,0,1,1,0,1,0,1,0,0,1,1,1,1,1,1,1,0,1,1,0,0,1,1,0,0,1,1,0,1,0,1,0,1,1,1,1,0,1,1,0,0,1,1,1,1,1,1,0
Elementary criteria impacts:	153.0 249.0,181.0 284.0,135.0 229.0,572.0 875.0,534.0 803.0,500.0 764.0,243.0 377.0,140.0 230.0,387.0 622.0,69.0 69.0,30.0 30.0,-3.4363222E7 -2.29088E7,-84.0 -84.0
Fitness:	0.5099849646469155
Constraint violations:	0.0
Portfolio:	1,1,1,0,1,1,1,0,1,0,1,1,0,1,0,1,0,1,0,1,0,1,1,0,1,1,1,0,1,1,1,0,0,1,1,1,1,0,1,0,1,1,0,1,1,0,1,1,0,0,1,1,0,1,1,0,1,1,0,0,1,1,0,1,0,1,1,1,1,1,1,0,1,1,0,1,1,0,1,1,1,1,0,0,1,1,1,0,1,1,1,0,1,1,1,0,0,0,1,0,1,0,1,1,0,1,0,1,0,0,1,1,1,0,1,0,1,0,1,1,0,1,0,0,0,1,1,1,1,0,0,1,1,1,0,1,1,1,1,0,0,0,1,1,0,1,0,1,0,0,1,1,1,1,1,1,0,0,1,1,0,0,1,1,0,0,1,1,0,1,0,1,0,1,1,1,1,0,1,0,1,0,1,1,1,1,1,1,0
Elementary criteria impacts:	154.0 249.0,185.0 288.0,129.0 220.0,568.0 869.0,524.0 789.0,496.0 759.0,241.0 374.0,137.0 225.0,397.0 634.0,70.0 70.0,30.0 30.0,-3.4508838E7 -2.3005877E7,-85.0 -85.0
Fitness:	0.5097776814466218
Constraint violations:	0.0
Portfolio:	1,1,1,0,1,1,1,0,1,0,1,1,0,1,0,1,0,1,0,1,0,1,1,0,1,1,1,0,1,1,1,0,0,1,0,1,1,0,1,0,1,1,0,1,1,0,1,1,0,0,1,1,0,1,1,1,1,1,0,0,1,1,0,1,0,1,1,1,1,1,1,0,1,1,0,1,1,0,1,1,1,1,0,0,1,1,1,0,1,1,1,0,1,1,1,0,0,0,1,0,1,0,1,1,0,1,0,1,0,0,1,1,1,0,1,0,1,0,1,1,0,1,0,0,0,1,1,1,0,0,0,1,1,1,0,1,1,1,1,0,0,0,1,1,0,1,0,1,0,0,1,1,1,1,1,1,1,0,1,1,0,0,1,1,0,0,1,1,0,1,0,1,0,1,1,1,1,0,1,1,1,0,1,1,1,1,1,0,0
Elementary criteria impacts:	150.0 244.0,184.0 287.0,130.0 223.0,571.0 875.0,537.0 807.0,490.0 750.0,239.0 371.0,137.0 227.0,389.0 623.0,70.0 70.0,31.0 31.0,-3.4407638E7 -2.293841E7,-85.0 -85.0
Fitness:	0.5096351874642399
Constraint violations:	0.0
Portfolio:	1,1,1,0,1,1,1,0,1,0,1,1,0,1,0,1,1,1,0,1,0,1,1,0,1,1,1,0,1,1,1,0,0,1,0,1,1,0,1,0,1,1,0,1,1,1,1,1,0,0,1,1,0,1,1,1,1,1,0,0,1,1,0,1,0,1,1,1,1,1,1,0,1,1,0,1,1,0,1,1,1,1,0,0,1,1,1,0,1,1,1,0,1,1,1,0,0,0,1,0,1,0,1,1,0,1,0,1,0,0,1,1,1,0,1,0,1,0,1,1,0,1,0,0,0,1,1,1,0,0,0,1,1,1,0,1,1,1,1,0,0,0,1,1,0,1,0,0,0,0,1,1,1,1,1,1,0,0,1,1,0,0,1,1,0,0,1,1,0,1,0,1,0,1,1,1,1,0,1,1,1,0,1,1,1,1,1,0,0
Elementary criteria impacts:	150.0 244.0,186.0 291.0,130.0 224.0,567.0 869.0,531.0 799.0,486.0 745.0,240.0 373.0,136.0 226.0,393.0 629.0,70.0 70.0,29.0 29.0,-3.4408946E7 -2.2939281E7,-85.0 -85.0
Fitness:	0.5094350445393707
Constraint violations:	0.0
Portfolio:	1,1,1,0,1,1,1,0,1,0,1,1,0,1,0,1,0,1,0,0,0,1,1,1,1,1,1,0,1,1,1,0,0,1,0,1,1,0,1,0,1,1,0,1,1,0,1,1,0,0,1,1,0,1,1,1,1,1,0,0,1,1,0,1,0,1,1,1,1,1,1,0,1,1,0,1,1,0,1,1,1,1,0,0,1,1,1,0,1,1,1,0,1,1,1,0,0,0,1,0,1,0,1,1,0,1,0,1,0,0,1,1,1,0,1,0,1,0,1,1,0,1,0,0,0,1,1,1,1,0,0,1,1,1,0,1,1,1,1,0,0,0,1,1,0,1,0,1,0,0,1,1,1,1,1,1,0,0,1,1,0,0,1,1,0,0,1,1,0,1,0,1,0,1,1,1,1,0,1,0,1,0,1,1,1,1,1,1,0
Elementary criteria impacts:	154.0 249.0,182.0 284.0,126.0 218.0,577.0 882.0,532.0 802.0,493.0 756.0,239.0 371.0,139.0 228.0,388.0 621.0,70.0 70.0,31.0 31.0,-3.4525555E7 -2.3017021E7,-85.0 -85.0
Fitness:	0.5092459531212682
Constraint violations:	0.0
Portfolio:	1,1,1,0,1,1,1,0,1,1,1,1,0,1,0,1,0,1,0,1,0,1,1,0,1,1,1,0,1,1,1,0,0,1,0,1,1,0,1,0,1,1,0,1,1,0,1,1,0,0,1,1,0,1,1,1,1,1,0,0,1,1,0,1,0,1,1,1,1,1,1,0,1,1,0,1,1,0,1,1,1,1,0,0,1,1,1,0,1,1,1,0,1,1,1,0,0,0,1,0,1,0,1,1,0,1,0,1,0,0,1,1,1,0,1,0,1,0,1,1,0,1,0,0,0,1,1,1,0,0,0,1,1,1,0,1,1,1,1,0,0,0,1,1,0,1,0,1,0,0,1,1,1,1,1,0,1,0,1,1,0,0,1,1,0,0,1,1,0,1,0,1,0,1,1,1,1,0,1,1,1,0,1,1,1,1,1,1,0
Elementary criteria impacts:	153.0 248.0,181.0 284.0,136.0 230.0,570.0 873.0,540.0 811.0,504.0 770.0,245.0 380.0,139.0 229.0,388.0 623.0,69.0 69.0,31.0 31.0,-3.4453637E7 -2.2969076E7,-84.0 -84.0
Fitness:	0.509142469677295
Constraint violations:	0.0
Portfolio:	1,1,1,0,1,1,1,0,1,0,1,1,0,1,0,1,0,1,0,1,0,1,1,0,1,1,1,0,1,1,1,0,0,1,1,1,1,0,1,0,1,1,0,1,1,0,1,1,0,0,1,1,0,1,1,0,1,1,0,0,1,1,0,1,0,1,1,1,1,1,1,0,1,1,0,1,1,0,1,1,1,1,0,0,1,1,1,0,1,1,1,0,1,1,1,0,0,0,1,0,1,0,1,1,0,1,0,1,0,0,1,1,1,0,1,0,1,0,1,1,0,1,0,0,0,1,1,1,1,0,0,1,1,1,0,1,1,1,1,0,0,0,1,1,0,1,0,1,0,0,1,1,1,1,1,1,0,0,1,1,0,0,1,1,0,0,1,1,0,1,0,1,0,1,1,1,1,0,1,1,1,0,1,1,1,1,1,0,0
Elementary criteria impacts:	153.0 247.0,186.0 289.0,128.0 219.0,565.0 866.0,529.0 796.0,493.0 755.0,241.0 374.0,138.0 227.0,397.0 634.0,70.0 70.0,30.0 30.0,-3.4426601E7 -2.2951052E7,-85.0 -85.0
Fitness:	0.5089945258045341
Constraint violations:	0.0
Portfolio:	1,1,1,0,1,1,1,0,1,0,1,1,0,1,0,1,0,1,0,0,0,1,1,1,1,1,1,0,1,1,1,0,0,1,0,1,1,0,1,0,1,1,0,1,1,0,1,1,0,0,1,1,0,1,1,1,1,1,0,0,1,1,0,1,0,1,1,1,1,1,1,0,1,1,0,1,1,0,1,1,1,1,0,0,1,1,1,0,1,1,1,0,1,1,1,0,0,0,1,0,1,0,1,1,0,1,0,1,0,0,1,1,1,0,1,0,1,0,1,1,0,1,0,0,0,1,1,1,0,0,0,1,1,1,0,1,1,1,1,0,0,0,1,1,0,1,0,0,0,0,1,1,1,1,1,1,1,0,1,1,0,0,1,1,0,1,1,1,0,1,0,1,0,1,1,1,1,0,1,1,1,0,1,1,1,1,0,1,0
Elementary criteria impacts:	153.0 247.0,186.0 289.0,131.0 225.0,570.0 872.0,536.0 808.0,497.0 761.0,238.0 370.0,135.0 224.0,384.0 615.0,70.0 70.0,30.0 30.0,-3.4537224E7 -2.3024801E7,-85.0 -85.0
Fitness:	0.5086145639877963
Constraint violations:	0.0
Portfolio:	1,1,1,0,1,1,1,0,1,0,1,1,0,1,0,1,0,1,0,0,0,1,1,1,1,1,1,0,1,1,1,0,0,1,0,1,1,0,1,0,1,1,0,1,1,1,1,1,0,0,1,1,0,1,1,1,1,1,0,0,1,1,0,1,0,1,1,1,1,1,1,0,1,1,0,1,1,0,1,1,1,1,0,0,1,1,1,0,1,1,1,0,1,1,1,0,0,0,1,0,1,0,1,1,0,1,0,1,0,0,1,1,1,0,1,0,1,0,1,1,0,1,0,0,0,1,1,1,0,0,0,1,1,1,0,1,1,1,1,0,0,0,1,1,0,1,0,0,0,0,1,1,1,1,1,1,1,0,1,1,0,0,1,1,0,0,1,1,0,1,0,1,0,1,1,1,1,0,1,1,1,0,1,1,1,1,1,0,0
Elementary criteria impacts:	150.0 244.0,183.0 286.0,128.0 222.0,574.0 879.0,535.0 805.0,485.0 744.0,237.0 368.0,138.0 228.0,386.0 618.0,70.0 70.0,30.0 30.0,-3.4463071E7 -2.2975364E7,-85.0 -85.0
Fitness:	0.5085055723065208
Constraint violations:	0.0
Portfolio:	1,1,1,0,1,1,1,0,1,0,1,1,0,1,0,1,0,1,0,1,0,1,1,0,1,1,1,0,1,1,1,0,0,1,0,1,1,0,1,0,1,1,0,1,1,1,1,1,0,0,1,1,0,1,1,1,1,1,0,0,1,1,0,1,0,1,1,1,1,1,1,0,1,1,0,1,1,0,1,1,1,1,0,0,1,1,1,0,1,1,1,0,1,1,1,0,0,0,1,0,1,0,1,1,0,1,0,1,0,0,1,1,1,0,1,0,1,0,1,1,0,1,0,0,0,1,1,1,0,0,0,1,1,1,0,1,1,1,1,0,0,0,1,1,0,1,0,0,0,0,1,1,1,1,1,1,0,0,1,1,0,0,1,1,0,0,1,1,0,1,0,1,0,1,1,1,1,0,1,1,1,0,1,1,1,1,1,1,0
Elementary criteria impacts:	148.0 242.0,184.0 289.0,132.0 226.0,566.0 867.0,527.0 793.0,493.0 755.0,243.0 377.0,136.0 225.0,387.0 621.0,69.0 69.0,29.0 29.0,-3.423484E7 -2.2823211E7,-84.0 -84.0
Fitness:	0.5084331897785395
Constraint violations:	0.0
Portfolio:	1,1,1,0,1,1,1,0,1,1,1,1,0,1,0,1,0,1,0,1,0,1,1,0,1,1,1,0,1,1,1,0,0,1,0,1,1,0,1,0,1,1,0,1,1,1,1,1,0,0,1,1,0,1,1,0,1,1,0,0,0,1,0,1,0,1,1,1,1,1,1,0,1,1,0,1,1,0,1,1,1,1,0,0,1,1,1,0,1,1,1,0,1,1,1,0,0,0,1,0,1,0,1,1,0,1,0,1,0,0,1,1,1,0,1,0,1,0,1,1,0,1,0,0,0,1,1,1,0,0,0,1,1,1,0,1,1,1,1,0,0,0,1,1,0,1,0,1,0,0,1,1,1,1,1,1,1,0,1,1,0,0,1,1,0,0,1,1,0,1,0,1,0,1,1,1,1,0,1,1,1,0,1,1,1,1,1,1,0
Elementary criteria impacts:	151.0 246.0,183.0 287.0,134.0 228.0,566.0 867.0,532.0 799.0,497.0 760.0,242.0 376.0,138.0 228.0,389.0 624.0,70.0 70.0,29.0 29.0,-3.4574267E7 -2.3049495E7,-85.0 -85.0
Fitness:	0.5081661309015008
Constraint violations:	0.0
Portfolio:	1,1,1,0,1,1,1,0,1,0,1,1,0,1,0,1,0,1,0,1,0,1,1,0,1,1,1,0,1,1,1,0,0,1,0,1,1,0,1,0,1,1,0,1,1,1,1,1,0,0,1,1,0,1,1,1,0,1,0,0,1,1,0,1,0,1,1,1,1,1,1,0,1,1,0,1,1,0,1,1,1,1,0,0,1,1,1,0,1,1,1,0,1,1,1,0,0,0,1,0,1,0,1,1,0,1,0,1,0,0,1,1,1,0,1,0,1,0,1,1,0,1,0,0,0,1,1,1,0,0,0,1,1,1,0,1,1,1,1,0,0,0,1,1,0,1,0,1,0,0,1,1,0,1,1,1,1,0,1,1,0,0,1,1,0,0,1,1,0,1,0,1,0,1,1,1,1,0,1,1,1,0,1,1,1,1,1,1,0
Elementary criteria impacts:	149.0 244.0,180.0 283.0,131.0 224.0,572.0 876.0,537.0 807.0,488.0 748.0,241.0 374.0,132.0 221.0,386.0 619.0,70.0 70.0,31.0 31.0,-3.4464717E7 -2.2976462E7,-84.0 -84.0
Fitness:	0.5078439020211222
Constraint violations:	0.0
Portfolio:	1,1,1,0,1,1,1,0,1,1,1,1,0,1,0,1,0,1,0,1,0,1,1,0,1,1,1,0,1,1,1,0,0,1,0,0,1,0,1,0,1,1,0,1,1,0,1,1,0,0,1,1,0,1,1,1,1,1,0,0,1,1,0,1,0,1,1,0,1,1,1,1,1,1,0,1,1,0,1,1,1,1,0,0,1,1,1,0,1,1,1,0,1,1,1,0,1,0,1,1,1,0,1,1,0,1,0,1,0,0,1,1,1,0,1,0,1,0,1,1,0,1,0,0,0,1,1,1,1,0,0,1,1,1,0,1,1,1,1,0,0,0,1,1,0,1,0,0,0,0,1,1,1,1,1,1,1,0,1,1,0,0,1,1,0,0,1,1,0,1,0,1,0,1,1,1,1,0,1,1,1,0,1,1,1,1,1,0,0
Elementary criteria impacts:	157.0 254.0,183.0 285.0,133.0 226.0,567.0 871.0,540.0 812.0,501.0 768.0,242.0 375.0,143.0 234.0,392.0 627.0,70.0 70.0,29.0 29.0,-3.468888E7 -2.3125905E7,-85.0 -85.0
Fitness:	0.5077434944832802
Constraint violations:	0.0
Portfolio:	1,1,1,0,1,1,1,0,1,1,1,1,0,1,0,1,0,1,0,0,0,1,1,1,1,1,1,0,1,1,1,0,0,1,0,1,1,0,1,0,1,1,0,1,1,1,1,1,0,0,1,1,0,1,1,1,0,1,0,0,1,1,0,1,0,1,1,1,1,1,1,0,1,1,0,1,1,0,1,1,1,1,0,0,1,1,1,0,1,1,1,0,1,1,1,0,0,0,1,0,1,0,1,1,0,1,0,1,0,0,1,1,1,0,1,0,1,0,1,1,0,1,0,0,0,1,1,1,0,0,0,1,1,1,0,1,1,1,1,0,0,0,1,1,0,1,0,1,0,0,1,1,1,1,1,1,1,0,1,1,0,0,1,1,0,0,1,1,0,1,0,1,0,1,1,1,1,0,1,1,1,0,1,1,1,1,0,1,0
Elementary criteria impacts:	152.0 247.0,180.0 282.0,133.0 227.0,574.0 878.0,540.0 813.0,499.0 764.0,240.0 373.0,135.0 225.0,382.0 612.0,70.0 70.0,31.0 31.0,-3.4593324E7 -2.30622E7,-85.0 -85.0
Fitness:	0.5074486645352995
Constraint violations:	0.0
Portfolio:	1,1,1,0,1,1,1,0,1,0,1,1,0,1,0,1,0,1,0,0,0,1,1,0,1,1,1,0,1,1,1,0,0,1,0,1,1,0,1,0,1,1,0,1,1,0,1,1,0,0,1,1,0,1,1,1,1,1,0,0,1,1,0,1,0,1,1,1,1,1,1,0,1,1,0,1,1,0,1,1,1,1,0,0,1,1,1,0,1,1,1,0,1,1,1,0,0,0,1,1,1,0,1,1,0,1,0,1,0,0,1,1,1,0,1,0,1,0,1,1,0,1,0,0,0,1,1,1,0,0,0,1,1,1,0,1,1,1,1,0,0,0,1,1,0,1,0,0,0,0,1,1,1,1,1,1,1,0,1,1,0,0,1,1,0,1,1,1,0,1,0,1,0,1,1,1,1,0,1,1,1,0,1,1,1,1,0,1,0
Elementary criteria impacts:	151.0 245.0,186.0 289.0,134.0 228.0,568.0 869.0,538.0 810.0,500.0 764.0,239.0 371.0,132.0 220.0,385.0 617.0,70.0 70.0,30.0 30.0,-3.4443943E7 -2.2962614E7,-85.0 -85.0
Fitness:	0.5073551852966723
Constraint violations:	0.0
Portfolio:	1,1,1,0,1,1,1,0,1,0,1,1,0,1,0,1,0,1,0,0,0,1,1,1,1,1,1,0,1,1,1,0,0,1,0,1,1,0,1,0,1,1,0,1,1,1,1,1,0,0,1,1,0,1,1,1,1,1,0,0,1,1,0,1,0,1,1,1,1,1,1,0,1,1,0,1,1,0,1,1,1,1,0,0,1,1,1,0,1,1,1,0,1,1,1,0,0,0,1,0,1,0,1,1,0,1,0,1,0,0,1,1,1,0,1,0,1,0,1,1,0,1,0,0,0,1,1,1,0,0,0,1,1,1,0,1,1,1,1,0,0,0,1,1,0,1,0,0,0,0,1,1,1,1,1,1,0,0,1,1,0,0,1,1,0,0,1,1,0,1,0,1,0,1,1,1,1,0,1,1,1,0,1,1,1,1,1,1,0
Elementary criteria impacts:	150.0 244.0,183.0 287.0,129.0 223.0,569.0 871.0,529.0 797.0,491.0 753.0,241.0 374.0,137.0 226.0,384.0 616.0,69.0 69.0,29.0 29.0,-3.4269896E7 -2.2846581E7,-84.0 -84.0
Fitness:	0.5070041850993793
Constraint violations:	0.0
Portfolio:	1,1,1,0,1,1,1,0,1,1,1,1,0,1,0,1,0,1,0,0,0,1,1,1,1,1,1,0,1,1,1,0,0,1,0,1,1,0,1,0,1,1,0,1,1,1,1,1,0,0,1,1,0,1,1,1,0,1,0,0,1,1,0,1,0,1,1,1,1,1,1,0,1,1,0,1,1,0,1,1,1,1,0,0,1,1,1,0,1,1,1,0,1,1,1,0,0,0,1,0,1,0,1,1,0,1,0,1,0,0,1,1,1,0,1,0,1,0,1,1,0,1,0,0,0,1,1,1,0,0,0,1,1,1,0,1,1,1,1,0,0,0,1,1,0,1,0,0,0,0,1,1,1,1,1,1,1,0,1,1,0,0,1,1,0,0,1,1,0,1,0,1,0,1,1,1,1,0,1,1,1,0,1,1,1,1,1,1,0
Elementary criteria impacts:	151.0 246.0,180.0 283.0,134.0 229.0,575.0 880.0,536.0 807.0,492.0 755.0,240.0 373.0,138.0 228.0,382.0 613.0,69.0 69.0,30.0 30.0,-3.4425559E7 -2.2950356E7,-84.0 -84.0
Fitness:	0.5068766912320141
Constraint violations:	0.0
Portfolio:	1,1,1,0,1,1,1,0,1,0,1,1,0,1,0,1,0,1,0,1,0,1,1,0,1,1,1,0,1,1,1,0,0,1,0,1,1,0,1,0,1,1,0,1,1,0,1,1,0,0,1,1,0,1,1,0,1,1,0,0,1,1,0,1,0,1,1,1,1,1,1,0,1,1,0,1,1,0,1,1,1,1,0,0,1,1,1,0,1,1,1,0,1,1,1,0,1,0,1,1,1,0,1,1,0,1,0,1,0,0,1,1,1,0,1,0,1,0,1,1,0,1,0,0,0,1,1,1,0,0,0,1,1,1,0,1,1,1,1,0,0,0,1,1,0,1,0,0,0,1,1,1,1,1,1,1,1,0,1,1,0,0,1,1,0,0,1,1,0,1,0,1,0,1,1,1,1,0,1,1,1,0,1,1,1,1,1,0,0
Elementary criteria impacts:	153.0 248.0,184.0 288.0,135.0 229.0,564.0 865.0,537.0 807.0,491.0 752.0,239.0 372.0,136.0 225.0,401.0 640.0,71.0 71.0,29.0 29.0,-3.4602307E7 -2.3068189E7,-86.0 -86.0
Fitness:	0.5068653989437484
Constraint violations:	0.0
Portfolio:	1,1,1,0,1,1,1,0,1,0,1,1,0,1,0,1,0,1,0,0,0,1,1,1,1,1,1,0,1,1,1,0,0,1,0,1,1,0,1,0,1,1,0,1,1,0,1,1,0,0,1,1,0,1,1,1,1,1,0,0,1,1,0,1,0,1,1,1,1,1,1,0,1,1,0,1,1,0,1,1,1,1,0,0,1,1,1,0,1,1,1,0,1,1,1,0,0,0,1,0,1,0,1,1,0,1,0,1,0,0,1,1,1,0,1,0,1,0,1,1,0,1,0,0,0,1,1,1,0,0,0,1,1,1,0,1,1,1,1,0,0,0,1,1,0,1,0,0,0,1,1,1,1,1,1,1,1,0,1,1,0,0,1,1,0,0,1,1,0,1,0,1,0,1,1,1,1,0,1,1,1,0,1,1,1,1,1,0,0
Elementary criteria impacts:	152.0 246.0,183.0 286.0,129.0 223.0,573.0 877.0,538.0 810.0,485.0 745.0,235.0 366.0,138.0 227.0,388.0 621.0,70.0 70.0,30.0 30.0,-3.4415001E7 -2.2943318E7,-85.0 -85.0
Fitness:	0.5060950530870223
Constraint violations:	0.0
Portfolio:	1,1,1,0,1,1,1,0,1,1,1,1,0,1,0,1,0,1,0,1,0,1,1,0,1,1,1,0,1,1,1,0,0,1,0,1,1,0,1,0,1,1,0,1,1,1,1,1,0,0,1,1,0,1,1,1,1,1,0,0,1,1,0,1,0,1,1,1,1,1,1,0,1,1,0,1,1,0,1,1,1,1,0,0,1,1,1,0,1,1,1,0,1,1,1,0,0,0,1,0,1,0,1,1,0,1,0,1,0,0,1,1,1,0,1,0,1,0,1,1,0,1,0,0,0,1,1,1,0,0,0,1,1,1,0,1,1,1,1,0,0,0,1,1,0,1,0,0,0,0,1,1,1,1,1,1,0,0,1,1,0,0,1,1,0,0,1,1,0,1,0,1,0,1,1,1,1,0,1,0,1,0,1,1,1,1,1,1,0
Elementary criteria impacts:	150.0 245.0,183.0 287.0,133.0 227.0,568.0 869.0,524.0 788.0,494.0 756.0,241.0 374.0,138.0 227.0,387.0 621.0,69.0 69.0,29.0 29.0,-3.4258814E7 -2.2839194E7,-84.0 -84.0
Fitness:	0.5052148686410206
Constraint violations:	0.0
Portfolio:	1,1,1,0,1,1,1,0,1,0,1,1,0,1,0,1,0,1,0,0,0,1,1,1,1,1,1,0,1,1,1,0,0,1,0,1,1,0,1,0,1,1,0,1,1,0,1,1,0,0,1,1,0,1,1,1,1,1,0,0,1,1,0,1,0,1,1,1,1,1,1,0,1,1,0,1,1,0,1,1,1,1,0,0,1,1,1,0,1,1,1,0,1,1,1,0,0,0,1,0,1,0,1,1,0,1,0,1,0,0,1,1,1,0,1,0,1,0,1,1,0,1,0,0,0,1,1,1,0,0,0,1,1,1,0,1,1,1,1,0,0,0,1,1,0,1,0,1,0,0,1,1,1,1,1,0,1,0,1,1,0,0,1,1,0,0,1,1,0,1,0,1,0,1,1,1,1,0,1,1,1,0,1,1,1,1,1,1,0
Elementary criteria impacts:	153.0 247.0,180.0 282.0,130.0 223.0,571.0 874.0,539.0 811.0,496.0 759.0,241.0 374.0,137.0 226.0,385.0 617.0,69.0 69.0,31.0 31.0,-3.4326081E7 -2.2884038E7,-84.0 -84.0
Fitness:	0.5049918579939545
Constraint violations:	0.0
Portfolio:	1,1,1,0,1,1,1,0,1,1,1,1,0,1,0,1,0,1,0,1,0,1,1,0,1,1,1,0,1,1,1,0,0,1,0,1,1,0,1,0,1,1,0,1,1,1,1,1,0,0,1,1,0,1,1,0,1,1,0,0,1,1,0,1,0,1,1,1,1,1,1,0,1,1,0,1,1,0,1,1,1,1,0,0,1,1,1,0,1,1,1,0,1,1,1,0,0,0,1,0,1,0,1,1,0,1,0,1,0,0,1,1,1,0,1,0,1,0,1,1,0,1,0,0,0,1,1,1,0,0,0,1,1,1,0,1,1,1,1,0,0,0,1,1,0,1,0,1,0,0,1,1,1,1,1,1,0,0,1,1,0,0,1,1,0,0,1,1,0,1,0,1,0,1,1,1,1,0,1,1,1,0,1,1,1,1,1,1,0
Elementary criteria impacts:	152.0 247.0,183.0 287.0,135.0 229.0,564.0 864.0,529.0 795.0,501.0 766.0,244.0 379.0,138.0 228.0,391.0 627.0,69.0 69.0,29.0 29.0,-3.4319161E7 -2.2879425E7,-84.0 -84.0
Fitness:	0.5049022728147441
Constraint violations:	0.0
Portfolio:	1,1,1,0,1,1,1,0,1,0,1,1,0,1,0,1,0,1,0,1,0,1,1,0,1,1,1,0,1,1,1,0,0,1,1,1,1,0,1,0,1,1,0,1,1,0,1,1,0,0,1,1,0,1,1,0,1,1,0,0,1,1,0,1,0,1,1,1,1,1,1,0,1,1,0,1,1,0,1,1,1,1,0,0,1,1,1,0,1,1,1,0,1,1,1,0,0,0,1,0,1,0,1,1,0,1,0,1,0,0,1,1,1,0,1,0,1,0,1,1,0,1,0,0,0,1,1,1,0,0,0,1,1,1,0,1,1,1,1,0,0,0,1,1,0,1,0,1,0,0,1,1,1,1,1,1,1,0,1,1,0,0,1,1,0,0,1,1,0,1,0,1,0,1,1,1,1,0,1,1,1,0,1,1,1,1,1,0,0
Elementary criteria impacts:	152.0 246.0,186.0 289.0,130.0 222.0,565.0 866.0,531.0 798.0,491.0 751.0,239.0 371.0,136.0 225.0,395.0 631.0,70.0 70.0,30.0 30.0,-3.4425977E7 -2.2950636E7,-85.0 -85.0
Fitness:	0.5048108722083672
Constraint violations:	0.0
Portfolio:	1,1,1,0,1,1,1,0,1,1,1,1,0,1,0,1,0,1,0,1,0,1,1,0,1,1,1,0,1,1,1,0,0,1,0,1,1,0,1,0,1,1,0,1,1,1,1,1,0,0,1,1,0,1,1,1,1,1,0,0,1,1,0,1,0,1,1,1,1,1,1,0,1,1,0,1,1,0,1,1,1,1,0,0,1,1,1,0,1,1,1,0,1,1,1,0,0,0,1,0,1,0,1,1,0,1,0,1,0,0,1,1,1,0,1,0,1,0,1,1,0,1,0,0,0,1,1,1,0,0,0,1,1,1,0,1,1,1,1,0,0,0,1,1,0,1,0,0,0,0,1,1,1,1,1,1,0,0,1,1,0,0,1,1,0,0,1,1,0,1,0,1,0,1,1,1,1,0,1,1,1,0,1,1,1,1,1,0,0
Elementary criteria impacts:	149.0 243.0,184.0 288.0,132.0 226.0,565.0 866.0,529.0 795.0,491.0 752.0,241.0 374.0,139.0 229.0,387.0 621.0,69.0 69.0,29.0 29.0,-3.4176577E7 -2.2784369E7,-84.0 -84.0
Fitness:	0.5045269699984267
Constraint violations:	0.0
Portfolio:	1,1,1,0,1,1,1,0,1,0,1,1,0,1,0,1,0,1,0,0,0,1,1,0,1,1,1,0,1,1,1,0,0,1,0,1,1,0,1,0,1,1,0,1,1,0,1,1,0,0,1,1,0,1,1,1,1,1,0,0,1,1,0,1,0,1,1,1,1,1,1,0,1,1,0,1,1,0,1,1,1,1,0,0,1,1,1,0,1,1,1,0,1,1,1,0,0,0,1,0,1,0,1,1,0,1,0,1,0,0,1,1,1,0,1,0,1,0,1,1,0,1,1,0,0,1,1,1,1,0,0,1,1,1,0,1,1,1,1,0,0,0,1,1,0,1,0,0,0,1,1,1,1,1,1,1,1,0,0,1,0,0,1,1,0,0,1,1,0,1,0,1,0,1,1,1,1,0,1,1,1,0,1,1,1,1,0,1,0
Elementary criteria impacts:	151.0 245.0,183.0 285.0,131.0 224.0,571.0 873.0,537.0 809.0,495.0 760.0,233.0 364.0,134.0 222.0,380.0 610.0,71.0 71.0,31.0 31.0,-3.4646292E7 -2.3097513E7,-86.0 -86.0

